0, 0, 1158.96020508, 1763.03442383, 1019.40606689, 1933.46313477, 1298.60742188
0, 1, 243.804077148, 5910.89355469, 211.311508179, 5911.51855469, 1237.67663574
0, 2, 646.903076172, 2854.66015625, 669.948669434, 2756.35888672, 1554.00402832
1, 0, 1252.11254883, 2199.16064453, 1094.24157715, 2199.81176758, 1274.2845459
1, 6, 524.016723633, 2566.76464844, 465.358551025, 2471.8449707, 1471.60290527
2, 0, 1288.40112305, 2566.04370117, 1082.69067383, 2382.69335938, 1266.05175781
2, 6, 567.136779785, 2955.70117188, 483.623504639, 2955.72900391, 1601.70068359
2, 3, -1137.80432129, 6060.07324219, -1103.9041748, 6059.83056641, 1306.23583984
2, 7, 206.70401001, 5616.45019531, 237.337478638, 5472.96337891, 1245.7043457
3, 2, 628.208374023, 3065.99487305, 575.773376465, 3162.65307617, 1356.65673828
4, 2, 719.373352051, 3167.06054688, 695.725952148, 3269.61572266, 1385.90258789
4, 0, 1082.69824219, 3065.4128418, 1109.97070313, 3065.88256836, 1216.49987793
4, 15, 442.408233643, 19177.3105469, 256.72479248, 19174.7480469, 2103.09472656
5, 0, 1174.07861328, 3484.09936523, 1154.42797852, 3592.1862793, 1311.30126953
5, 15, -479.030273438, 18689.4257813, -476.490753174, 18692.6015625, 2036.74572754
6, 18, 158.968200684, 4289.02001953, -122.874862671, 4791.78710938, 1424.53161621
6, 17, 733.665222168, 4049.17163086, 548.37286377, 3940.49658203, 1263.91784668
6, 20, -1078.17016602, 5197.38671875, -1055.67590332, 5335.95410156, 1236.6953125
6, 0, 1203.13952637, 3813.44897461, 1171.53393555, 3812.45458984, 1261.46337891
7, 18, 221.263900757, 4289.29492188, -152.319152832, 4537.68798828, 1215.8828125
7, 17, 715.798095703, 4290.41992188, 496.25177002, 4173.68505859, 1202.68737793
7, 0, 1203.0592041, 3822.05078125, 1172.94799805, 3814.77392578, 1274.96765137
7, 22, -1036.2701416, 5058.75683594, -1037.25585938, 5058.12402344, 1050.29309082
8, 0, 1272.69946289, 4289.08154297, 1221.10656738, 4054.59179688, 1219.0411377
8, 20, -1052.98779297, 4793.61083984, -1049.93505859, 4800.52001953, 1369.20690918
9, 0, 1272.16040039, 4665.57763672, 1251.51159668, 4787.68945313, 1269.69482422
9, 24, -476.861206055, 18664.8945313, -521.920959473, 17771.9433594, 1455.63317871
10, 0, 1304.27026367, 5057.06787109, 1263.89587402, 4932.96044922, 1129.67358398
10, 25, 181.744003296, 3705.11865234, 151.576583862, 3594.64306641, 1254.37243652
10, 26, -356.811828613, 18671.1523438, -356.551696777, 18678.109375, 1755.12573242
11, 29, -983.719909668, 3815.65917969, -1104.76550293, 3822.17089844, 1326.91760254
11, 18, 202.386001587, 3063.66113281, -24.484167099, 3374.94775391, 1213.99133301
11, 30, -451.93359375, 4049.47729492, -477.506774902, 3937.3059082, 1285.09545898
11, 31, 1285.03295898, 5198.80761719, 1284.93859863, 5193.91650391, 1239.6472168
12, 29, -917.204345703, 3267.98242188, -954.659790039, 3375.83691406, 1345.75744629
12, 33, 232.278411865, 3167.12524414, 207.957427979, 3376.71240234, 1384.42834473
12, 27, 817.36138916, 21827.3691406, 886.333312988, 21811.171875, 1972.91723633
13, 32, 1275.01318359, 5913.20703125, 1307.5625, 5905.30175781, 1251.40075684
13, 29, -847.626525879, 3065.01953125, -881.746398926, 3162.78222656, 1377.73278809
13, 33, 220.29624939, 2473.69262695, 195.146392822, 2470.63037109, 1491.53027344
14, 29, -862.373718262, 2855.32373047, -840.674438477, 2955.25317383, 1482.17260742
14, 18, -495.402252197, 2758.76928711, -527.464782715, 2860.26928711, 1454.45507813
14, 33, 252.417251587, 2661.00488281, 222.073242188, 2565.62451172, 1474.35388184
15, 33, 362.600280762, 1764.53588867, 242.430328369, 2106.57885742, 1585.45922852
16, 29, -450.29296875, 2285.93994141, -233.950027466, 2104.00805664, 1486.15405273
16, 33, 382.302062988, 1597.3125, 379.754577637, 1516.09179688, 1466.85400391
16, 43, -1074.0703125, 2381.89624023, -966.517822266, 2378.26489258, 1405.81689453
17, 43, -1057.96203613, 2192.03857422, -900.037780762, 2193.57788086, 1446.25402832
17, 29, -341.564819336, 2195.81005859, -448.447296143, 2197.9753418, 1375.46740723
17, 33, 383.538238525, 1599.33068848, 311.519836426, 1760.76220703, 1409.3503418
17, 44, 501.67767334, 23014.3867188, 502.96270752, 23037.8535156, 1252.40673828
18, 29, -221.978393555, 1516.69775391, -400.212585449, 1592.87158203, 1454.23193359
18, 43, -1029.16052246, 1846.95263672, -1060.35620117, 2193.85961914, 1426.42077637
18, 33, 343.441741943, 1124.51452637, 221.748092651, 1052.2076416, 1323.07165527
18, 45, 1162.93078613, 7376.98681641, 1153.35070801, 7213.13671875, 1222.58752441
18, 44, 511.892730713, 23630.3554688, 574.834838867, 23645.796875, 1207.51464844
19, 29, -220.548370361, 1356.32897949, -321.175292969, 1432.27966309, 1488.80358887
19, 48, -1010.42474365, 1597.73608398, -1010.59326172, 1600.0625, 1285.14050293
20, 29, -343.980255127, 1355.20812988, -239.702346802, 1126.60876465, 1492.45166016
20, 48, -1035.50537109, 1595.55273438, -1053.06933594, 1517.56188965, 1284.17785645
20, 33, 302.503967285, 482.089996338, 347.704193115, 482.357269287, 1311.43762207
21, 53, 302.659301758, 483.736755371, 349.846832275, 550.39263916, 1295.0657959
21, 29, -332.818450928, 975.654724121, -309.163452148, 975.468933105, 1641.33459473
21, 54, 566.467712402, 23021.2226563, 568.34765625, 23023.0644531, 1368.84423828
22, 48, -1168.01367188, 903.464660645, -1024.48205566, 904.534912109, 1305.63830566
22, 29, -355.216583252, 905.142944336, -213.867050171, 972.778503418, 1442.11364746
22, 53, 326.872558594, 550.634887695, 369.0440979, 415.123291016, 1264.48706055
23, 53, 336.736724854, 91.0490493774, 338.786132813, 155.08392334, 1236.80249023
23, 29, -387.8253479, 481.281158447, -248.526809692, 416.439971924, 1440.23583984
23, 48, -1136.65100098, 829.215087891, -1136.45239258, 828.247253418, 1289.1003418
24, 53, 332.14074707, -33.3414421082, 350.045928955, -152.393508911, 1299.85632324
24, 48, -1094.44726563, 415.410369873, -1088.39453125, 348.342102051, 1320.04016113
25, 29, -368.492614746, -93.4155349731, -280.393218994, -93.6829605103, 1507.75878906
25, 53, 326.049804688, -214.025558472, 438.534423828, -611.557434082, 1378.01171875
25, 48, -1109.83569336, 346.011413574, -1056.98791504, 29.3628864288, 1312.27087402
25, 57, -460.320526123, 9804.94628906, -651.827392578, 10511.5185547, 1852.30737305
26, 29, -364.89730835, -213.820159912, -207.753829956, -444.427001953, 1494.93322754
26, 48, -1066.54846191, -96.0153198242, -1058.98425293, -155.904006958, 1394.41210938
26, 53, 318.060211182, -501.864074707, 462.978942871, -979.557495117, 1319.47485352
26, 63, 371.617980957, 8939.65625, 375.755523682, 9136.48730469, 1317.29003906
27, 53, 334.998779297, -611.799743652, 479.365203857, -1030.75158691, 1313.14526367
27, 48, -1051.36633301, -445.096893311, -1024.80114746, -500.995880127, 1262.94824219
28, 53, 291.017913818, -1369.84716797, 309.821075439, -1371.45739746, 1292.21655273
28, 29, -327.490386963, -666.69934082, -325.937042236, -721.590087891, 1440.3482666
28, 48, -992.602600098, -611.725280762, -1012.82818604, -611.598449707, 1417.72888184
28, 63, 401.712585449, 10509.6103516, 401.528930664, 10513.3945313, 1556.03137207
29, 29, -335.780883789, -1033.32299805, -292.141021729, -1131.36462402, 1518.01843262
29, 53, 307.257110596, -1418.06347656, 402.724212646, -1416.68591309, 1296.98754883
29, 48, -956.246704102, -982.755493164, -995.662658691, -981.683898926, 1350.55029297
30, 29, -302.124786377, -1416.06506348, -336.675109863, -1509.31311035, 1499.30517578
30, 53, 412.681030273, -2022.96533203, 391.8203125, -2062.67431641, 1393.32983398
30, 48, -1008.8203125, -1227.67773438, -1080.33996582, -1275.63781738, 1375.62341309
31, 53, 425.134216309, -2103.53540039, 332.684692383, -1772.46264648, 1357.11730957
31, 29, -313.864105225, -1642.09802246, -311.141937256, -1686.40515137, 1541.51977539
32, 29, -137.897506714, -3083.92089844, -258.862518311, -3204.52075195, 1570.63623047
32, 73, -937.530944824, -2793.87109375, -1097.50939941, -3235.67724609, 1351.08117676
32, 74, 465.210327148, -3629.0703125, 449.205444336, -3655.90234375, 1369.34838867
32, 75, -388.651062012, 10505.2490234, -382.323791504, 10274.5546875, 1179.15234375
32, 76, -669.543029785, 2380.44238281, -647.693664551, 2472.74389648, 1280.63305664
32, 77, 1117.87963867, 12680.2548828, 1071.32336426, 12678.8466797, 1144.94519043
33, 74, 434.581207275, -4077.94970703, 436.394104004, -4053.85131836, 1404.65710449
33, 29, -258.21887207, -3207.00073242, -111.547569275, -3707.91674805, 1632.55871582
33, 78, -362.104492188, 8931.71777344, -360.484588623, 8923.36328125, 1347.08300781
33, 76, -640.080566406, 2289.71459961, -640.113708496, 2291.1262207, 1361.86108398
33, 79, 1134.08544922, 12979.3984375, 1132.92480469, 12981.4707031, 841.704467773
34, 85, -1072.79553223, -4708.78662109, -1056.73388672, -4055.19433594, 1405.58081055
34, 29, -89.9458465576, -4281.19238281, -196.996917725, -4592.79394531, 1586.5020752
34, 76, -765.993103027, 976.676574707, -573.461120605, 977.528930664, 1404.68408203
34, 74, 464.537750244, -5014.89941406, 463.758453369, -5032.09277344, 1439.5892334
34, 86, -343.97543335, 8123.85595703, -343.283996582, 8121.10644531, 1453.82666016
35, 86, -290.522888184, 7205.78808594, -288.94644165, 7211.33984375, 1465.98632813
35, 29, -21.1703529358, -5132.26953125, -148.479202271, -4552.80810547, 1690.28710938
35, 74, 455.672973633, -5381.31201172, 435.928192139, -5367.20361328, 1335.17797852
35, 76, -790.457275391, 976.782531738, -621.477722168, 977.114196777, 1402.47094727
36, 86, -288.148620605, 7028.44921875, -326.670135498, 7198.09375, 1422.80334473
36, 29, -86.2086334229, -5275.60546875, -86.2056350708, -5275.3984375, 1674.06115723
36, 74, 432.008483887, -5411.44873047, 582.102600098, -5411.71582031, 1287.90979004
36, 76, -733.63482666, 483.552581787, -718.737365723, 619.276306152, 1454.04211426
36, 85, -977.797546387, -5290.83789063, -1022.77416992, -5228.54589844, 1406.83032227
37, 29, -85.5064849854, -5367.06054688, -170.603240967, -5396.48828125, 1605.66345215
37, 76, -728.305541992, 414.824676514, -747.452331543, 349.375854492, 1378.32348633
37, 74, 422.026275635, -5526.89648438, 579.116027832, -5527.27685547, 1027.13232422
37, 86, -280.599761963, 6535.15234375, -310.943786621, 6379.63916016, 1434.28405762
37, 85, -1065.98461914, -5396.71533203, -1044.10876465, -5397.24707031, 1348.25732422
38, 86, -272.948059082, 6221.19042969, -276.209838867, 6223.61083984, 1395.09887695
38, 29, -84.6543655396, -5381.62646484, -9.07971191406, -5366.88623047, 1253.62145996
38, 76, -669.382324219, -156.272445679, -739.572814941, -386.872558594, 1424.3927002
39, 86, -263.534332275, 5473.24316406, -298.344116211, 5615.98193359, 1444.78710938
39, 76, -682.457580566, -609.604736328, -682.434753418, -611.578857422, 1493.15039063
39, 97, -1289.15026855, 15325.9697266, -1267.92272949, 14973.3740234, 1099.10192871
40, 76, -785.063964844, -610.077514648, -681.912841797, -614.681152344, 1427.27380371
40, 86, -334.858551025, 5765.25390625, -302.200317383, 5760.39892578, 1444.67163086
41, 76, -668.748901367, -1083.16674805, -639.129577637, -1228.69067383, 1430.58508301
41, 86, -284.485992432, 4797.19677734, -347.367492676, 4796.70605469, 1538.87744141
42, 86, -269.389343262, 4054.64501953, -360.345275879, 4049.03295898, 1457.54858398
42, 76, -771.26965332, -1030.46313477, -713.38293457, -1276.81628418, 1414.77331543
44, 86, -441.848693848, 3705.54589844, -293.948974609, 3706.50512695, 1406.24768066
44, 123, -1215.85449219, 12978.5107422, -1169.70629883, 12983.1933594, 1285.18823242
44, 76, -724.229125977, -2062.48071289, -703.575256348, -2100.99682617, 1502.33947754
45, 76, -724.274291992, -2063.95654297, -688.691467285, -2064.27416992, 1483.99267578
45, 86, -472.193115234, 3701.91235352, -470.404998779, 3704.0715332, 1368.63647461
46, 76, -674.510009766, -2444.96728516, -683.470336914, -2334.0480957, 1470.98132324
47, 76, -675.723937988, -2623.18408203, -680.525939941, -2369.38305664, 1442.99731445
47, 86, -443.181884766, 2856.49780273, -471.047119141, 2857.05493164, 1442.48937988
47, 132, -541.106262207, 15703.2587891, -847.815795898, 13607.4296875, 2392.4831543
48, 76, -635.242431641, -2925.94116211, -796.31854248, -2407.72119141, 1441.78955078
48, 86, -457.372680664, 2472.28515625, -543.338562012, 2566.04589844, 1478.65319824
48, 135, -534.500671387, 15348.2333984, -585.586181641, 15320.9589844, 2204.82250977
49, 137, -1116.07141113, 11028.2353516, -1086.86950684, 11281, 1377.02160645
49, 86, -400.137695313, 1512.56335449, -610.683959961, 2285.60473633, 1509.48168945
49, 76, -628.678283691, -2990.64794922, -743.865722656, -3409.31225586, 1532.63793945
49, 138, 845.701904297, 18216.4257813, 788.07019043, 18219.0800781, 1590.74414063
50, 76, -632.55682373, -3144.62866211, -811.378479004, -3465.82641602, 1473.10217285
50, 86, -421.626708984, 1434.12426758, -624.224060059, 2018.93371582, 1489.16394043
51, 76, -707.583068848, -3760.06787109, -661.634521484, -3934.54589844, 1532.72033691
51, 86, -548.804443359, 978.682617188, -579.631103516, 1123.42211914, 1497.16918945
51, 139, -477.940795898, 15330.4541016, -477.760162354, 15332.9863281, 2274.91601563
51, 147, 565.83807373, 19147.9316406, 565.586425781, 19144.890625, 1606.11743164
52, 86, -566.20111084, 829.222595215, -462.509887695, 619.862548828, 1468.10852051
52, 76, -739.154724121, -4214.52978516, -739.354309082, -4213.82128906, 1530.66394043
52, 148, -1073.30786133, 11027.59375, -1052.76403809, 11548.0839844, 1328.11975098
53, 76, -713.710998535, -4324.44287109, -814.952209473, -3810.29052734, 1458.95544434
53, 86, -491.875091553, 758.571411133, -437.172302246, 550.713623047, 1481.24243164
53, 150, -1059.33325195, 10768.7705078, -1057.80505371, 10763.4765625, 1175.51745605
54, 86, -523.406433105, -31.8155822754, -543.332214355, 348.279907227, 1449.61193848
54, 150, -1061.9666748, 10769.171875, -1061.2857666, 10765.9765625, 1430.2890625
54, 76, -854.602722168, -4784.02783203, -737.129333496, -4237.61865234, 1480.97070313
55, 86, -552.018310547, 91.6947937012, -516.792541504, -153.315887451, 1457.79296875
56, 86, -513.636657715, -666.079040527, -496.834960938, -558.472106934, 1435.4296875
56, 159, -1078.0078125, 10267.6318359, -1063.93078613, 10031.7685547, 1558.05749512
56, 145, -345.451507568, 13612.0732422, -145.649612427, 13937.4882813, 2596.73046875
57, 86, -499.082000732, -930.069824219, -493.19720459, -1030.66357422, 1499.34326172
58, 159, -1023.9352417, 10039.5273438, -1064.77539063, 10033.5458984, 1478.32751465
58, 86, -494.227722168, -1031.6060791, -466.111785889, -1179.37011719, 1521.1784668
59, 86, -587.203063965, -1130.49169922, -432.106018066, -1858.65808105, 1557.90515137
60, 159, -980.910461426, 9139.48242188, -1019.90447998, 9142.08300781, 1429.82385254
60, 86, -594.250915527, -1598.18127441, -424.123291016, -2021.9609375, 1458.00036621
60, 76, -1092.0670166, -5527.25830078, -818.35357666, -5527.22314453, 1043.77441406
61, 169, -996.576171875, 8724.984375, -998.479797363, 8724.95410156, 1330.07751465
61, 86, -524.204711914, -2658.72900391, -529.053894043, -2587.9387207, 1567.37451172
61, 170, -37.5803794861, 12674.1533203, -38.2431106567, 12682.6962891, 1411.06347656
62, 172, -996.867370605, 8727.75683594, -998.355957031, 8728.17773438, 1330.23120117
62, 86, -397.618743896, -2220.67504883, -518.295837402, -2760.39282227, 1572.70178223
62, 170, -37.6217803955, 12678.3857422, -37.9554023743, 12684.7197266, 1310.13781738
63, 172, -995.421936035, 8715.6484375, -995.871154785, 8714.2109375, 1263.18334961
63, 86, -495.458343506, -2859.90795898, -394.766906738, -2957.41748047, 1547.05810547
64, 174, -945.509399414, 8512.2890625, -939.549926758, 8314.61230469, 1390.19506836
64, 86, -453.686828613, -3734.31347656, -537.55267334, -2956.41210938, 1611.69689941
65, 86, -561.450561523, -3628.55444336, -473.77822876, -3655.20361328, 1598.45666504
65, 174, -938.083190918, 8319.47265625, -966.063354492, 8125.83984375, 1412.82189941
65, 175, -674.739990234, 22386.6386719, -587.699707031, 21248.9492188, 2123.93432617
66, 174, -901.741210938, 7561.77148438, -987.30847168, 7746.13476563, 1461.26745605
66, 86, -434.24307251, -3810.72290039, -462.145446777, -4552.02246094, 1659.64477539
67, 174, -891.03717041, 7383.0703125, -929.651428223, 7386.24853516, 1425.79980469
67, 86, -486.707489014, -4553.81445313, -360.648681641, -4123.73779297, 1628.8848877
68, 177, -920.164978027, 7213.60888672, -928.008300781, 7378.91552734, 1526.8737793
68, 86, -462.088806152, -4553.45019531, -301.930389404, -4963.24023438, 1733.50866699
69, 86, -570.026550293, -4728.53320313, -344.299224854, -5382.50585938, 1603.66748047
70, 86, -430.046447754, -5527.08984375, -335.00088501, -5527.06298828, 1540.10314941
70, 180, -874.581604004, 7027.74267578, -901.994812012, 6862.89941406, 1379.28747559
71, 180, -858.340454102, 6697.95361328, -885.81640625, 6538.67089844, 1376.41821289
75, 191, -881.520324707, 5200.15039063, -997.147094727, 5472.74072266, 1496.68005371
75, 192, 287.45199585, 8936.8359375, 289.273681641, 8932.69335938, 1015.97961426
78, 191, -1063.78625488, 5472.53759766, -802.452453613, 4931.29199219, 1379.86157227
79, 195, -602.446716309, 18662.9941406, -543.16809082, 18657.8046875, 1970.59729004
80, 191, -813.221618652, 4539.39892578, -774.781799316, 4411.8828125, 1460.04052734
81, 191, -875.769287109, 4536.54589844, -768.456604004, 4289.86035156, 1428.2322998
81, 197, -527.060180664, 17769.8125, -517.904846191, 17332.8359375, 1271.42443848
81, 198, 279.232543945, 8320.56835938, 279.281860352, 8314.71191406, 1210.07116699
82, 191, -745.007263184, 4412.62695313, -814.581665039, 4536.35449219, 1428.2322998
82, 199, 193.134170532, 7569.75634766, 232.551239014, 7567.42041016, 1171.93847656
83, 191, -787.062988281, 4053.73657227, -726.584960938, 4050.97290039, 1386.48828125
84, 191, -864.808959961, 3820.34399414, -744.606384277, 3818.0559082, 1495.83959961
85, 191, -821.464904785, 3595.40332031, -697.240478516, 3484.17871094, 1458.18261719
85, 201, -29.4658927917, 7215.40185547, 3.02890443802, 7210.92724609, 1247.59313965
85, 203, -660.421691895, 18653.4804688, -650.848449707, 18214.015625, 1206.02124023
86, 206, -32.9274787903, 6699.90966797, -32.4126358032, 6697.43408203, 1361.32458496
87, 191, -902.890014648, 3061.21728516, -729.397277832, 2961.48095703, 1403.51391602
87, 217, -68.8679199219, 7035.6640625, -33.9777183533, 7030.47509766, 1340.43054199
87, 203, -864.48614502, 15717.2539063, -540.330749512, 15720.4550781, 1285.39404297
88, 191, -938.478393555, 3166.93530273, -710.878540039, 3162.33276367, 1367.93286133
89, 191, -885.239074707, 2761.05541992, -680.055847168, 2565.6628418, 1470.09545898
90, 191, -872.460510254, 2567.55712891, -666.486083984, 2286.72851563, 1510.36291504
91, 191, -885.156860352, 2381.12182617, -767.149658203, 2199.26953125, 1429.64086914
92, 191, -939.561401367, 2018.35119629, -720.555725098, 1846.21813965, 1426.03259277
92, 219, -764.813110352, 12688.5966797, -718.082519531, 12689.6621094, 1285.20666504
93, 191, -984.496948242, 1595.98010254, -655.69934082, 2106.84472656, 1413.92614746
94, 191, -1017.08880615, 1676.80773926, -811.598022461, 1680.66662598, 1440.48205566
94, 222, -583.651367188, 6064.375, -583.067687988, 6065.75048828, 1162.87463379
95, 191, -1008.41168213, 1594.09301758, -846.400756836, 1434.9786377, 1522.82568359
96, 191, -934.242431641, 973.172546387, -957.239624023, 974.229614258, 1555.83935547
97, 191, -946.94934082, 827.558898926, -1007.24822998, 1278.89782715, 1539.01806641
97, 223, -678.531982422, 5062.35058594, -645.987976074, 5057.64404297, 1318.34375
97, 224, -442.046081543, 13300.5810547, -436.573272705, 12996.9208984, 1147.91687012
98, 191, -958.713256836, 688.872802734, -1115.30554199, 619.794006348, 1496.9197998
98, 223, -715.619445801, 5910.21777344, -715.721618652, 5904.77832031, 1147.9777832
99, 191, -1094.10766602, 412.649688721, -1003.61798096, 415.547821045, 1547.0402832
100, 191, -1019.67999268, 349.291625977, -1059.41235352, 284.140930176, 1562.09094238
101, 226, -820.241638184, 4660.94042969, -876.55670166, 4539.82861328, 1380.94836426
101, 191, -1046.18212891, 155.278579712, -978.483825684, -92.7276611328, 1484.82128906
102, 191, -973.315612793, -152.948608398, -951.412597656, -156.610519409, 1504.90039063
103, 191, -1044.82641602, -94.4014205933, -1067.28100586, -91.0980834961, 1536.92041016
103, 231, -410.395294189, 11548.2255859, -411.300476074, 11823.3681641, 2668.43774414
104, 191, -873.82598877, -554.880432129, -1128.20031738, -877.415893555, 1467.24597168
104, 232, -417.682525635, 12100.9492188, -421.154632568, 12374.4521484, 1157.8684082
105, 233, -953.147766113, 3817.6953125, -954.742736816, 3817.77148438, 1297.42797852
106, 233, -938.571899414, 3593.06225586, -969.261535645, 3594.6953125, 1355.09814453
107, 191, -1089.75610352, -1372.54504395, -1083.43884277, -1418.15283203, 1544.33227539
107, 239, -969.061035156, 3593.50244141, -967.74432373, 3594.26538086, 1294.58117676
108, 191, -1083.78771973, -1419.6451416, -1079.32092285, -1463.87695313, 1640.53735352
108, 239, -938.747802734, 3165.71875, -932.3984375, 3063.81933594, 1302.66174316
108, 240, -344.878295898, 10514.1220703, -342.628692627, 10514.6816406, 1484.1907959
109, 191, -1081.00561523, -1899.85998535, -1171.48522949, -1899.32592773, 1550.88110352
109, 239, -924.49810791, 2956.37573242, -883.852661133, 2759.71166992, 1369.86828613
110, 191, -1161.37768555, -2103.07470703, -1244.08752441, -2142.94433594, 1621.93823242
110, 241, -299.833709717, 10509.5605469, -343.154754639, 10519.5507813, 1508.63562012
110, 239, -865.943115234, 2470.88671875, -885.10345459, 2378.78393555, 1335.50830078
111, 191, -1238.25170898, -2296.53637695, -1220.46643066, -2296.57202148, 1524.44555664
111, 239, -879.977050781, 2290.09643555, -881.057067871, 2286.90527344, 1328.22973633
112, 191, -1226.46765137, -2370.21606445, -953.371765137, -2659.38232422, 1654.79638672
112, 239, -998.798278809, 2107.71142578, -886.980224609, 2018.2310791, 1402.32592773
112, 246, -117.905891418, 9362.67285156, -118.256324768, 9356.48925781, 1769.24328613
113, 191, -1238.04577637, -2295.57788086, -1199.30541992, -2445.12695313, 1551.03833008
114, 191, -1211.6673584, -2693.15258789, -1058.19042969, -2860.51196289, 1516.74145508
114, 239, -1085.67675781, 1599.90148926, -1034.07104492, 1594.58520508, 1310.60302734
114, 246, -75.606552124, 8927.50976563, -37.1336250305, 8922.50097656, 1610.62023926
115, 191, -1215.69213867, -3264.54882813, -1102.04882813, -3206.75488281, 1616.48754883
115, 239, -1053.15490723, 1513.8503418, -1020.97302246, 1434.34973145, 1413.9230957
116, 191, -1179.46044922, -3655.29858398, -1039.78295898, -2989.671875, 1624.05090332
116, 239, -1013.51599121, 1051.88208008, -989.930114746, 1050.62353516, 1385.07507324
116, 246, -73.7690429688, 8126.05273438, -34.3912506104, 8120.53125, 1815.21313477
117, 191, -1250.57470703, -3657.25830078, -964.619628906, -3436.79541016, 1569.21276855
117, 239, -1125.93811035, 974.37701416, -1150.12561035, 976.581542969, 1375.50378418
118, 191, -1167.05285645, -3810.44067383, -989.296325684, -4055.30786133, 1694.07788086
118, 239, -1136.88769531, 829.569763184, -1152.21069336, 758.044799805, 1428.09106445
119, 191, -1280.78076172, -3656.23754883, -1038.6262207, -4409.45605469, 1625.28344727
119, 249, -310.258056641, 8516.37890625, -71.9451828003, 8125.53759766, 1510.95690918
119, 239, -1187.61071777, 217.385452271, -1194.53710938, 284.203155518, 1392.33630371
120, 239, -1194.3807373, 281.072692871, -1105.23449707, 283.867370605, 1386.02099609
120, 191, -1256.17565918, -4213.52441406, -1050.80432129, -4410.50585938, 1597.07275391
120, 249, -144.430160522, 7390.92724609, -69.2918395996, 7385.734375, 1944.72802734
121, 191, -1291.99865723, -4874.99316406, -1037.13684082, -4492.25146484, 1635.00646973
122, 191, -1283.03918457, -5015.14404297, -1072.63037109, -4430.95507813, 1616.04919434
122, 239, -1087.96679688, -94.6380996704, -1103.02685547, -153.078399658, 1368.8996582
123, 191, -1287.25488281, -4997.31005859, -1065.21118164, -4945.81835938, 1530.11096191
123, 255, -68.0425567627, 7203.92626953, -32.6320266724, 7034.90966797, 1907.35791016
124, 239, -1214.1784668, -666.718017578, -1261.96142578, -773.745666504, 1446.86877441
124, 255, -30.3957099915, 6861.11230469, -29.4453792572, 6863.18896484, 1890.19519043
125, 255, 74.3848342896, 6224.41748047, 248.126235962, 6221.71875, 1768.60644531
125, 191, -1428.31665039, -5527.20605469, -1186.7331543, -5527.13916016, 1450.34533691
125, 239, -1134.97814941, -979.837280273, -1248.68859863, -1031.30737305, 1393.10180664
126, 255, 242.162063599, 5763.31835938, 39.6779022217, 5919.89453125, 1539.54016113
126, 239, -1194.10791016, -826.485107422, -1160.9407959, -774.608398438, 1360.07946777
127, 255, 243.958236694, 5763.05273438, 278.742462158, 5911.51269531, 1539.68078613
127, 260, -172.614501953, 10771.6875, -83.2575836182, 10526.5273438, 1115.63134766
128, 239, -1191.3269043, -1324.52941895, -1211.38964844, -1463.93615723, 1374.4654541
128, 255, 333.02822876, 5196.13671875, 336.474914551, 5335.8203125, 1524.45422363
128, 260, -350.830841064, 10762.7070313, -350.511962891, 10756.4980469, 1115.71936035
129, 239, -1305.03710938, -1728.79504395, -1388.33825684, -1418.33947754, 1356.2109375
129, 255, 498.545135498, 5197.48486328, 511.3230896, 5616.2265625, 1512.37585449
129, 260, -343.111328125, 10521.4189453, -344.241027832, 10519.8691406, 1103.10852051
130, 239, -1344.08544922, -2062.58959961, -1379.16333008, -2062.75634766, 1394.78942871
130, 255, 535.08416748, 5335.60644531, 705.385070801, 5473.27392578, 1482.01196289
131, 239, -1286.24645996, -1730.33789063, -1380.52709961, -2371.44482422, 1454.3046875
132, 239, -1329.4831543, -2372.67358398, -1256.27160645, -2408.28027344, 1442.63208008
132, 255, 995.586425781, 4799.49609375, 940.299072266, 4928.26074219, 1361.11254883
133, 239, -1589.99841309, -2692.24731445, -1272.13256836, -2924.59155273, 1496.88391113
133, 255, 992.870666504, 4289.56298828, 1050.64807129, 4663.6015625, 1479.61791992
134, 239, -1402.71020508, -2727.38183594, -1261.58813477, -2989.08178711, 1399.25610352
134, 255, 1211.16345215, 3930.43847656, 1181.06762695, 3930.43481445, 1407.73461914
135, 239, -1361.48327637, -2956.27563477, -1276.95666504, -2990.01782227, 1388.09545898
135, 271, -317.526794434, 8717.10058594, -315.845001221, 8713.296875, 1078.32580566
136, 239, -1316.84667969, -3834.90917969, -1250.71289063, -3144.33032227, 1498.16503906
136, 255, 1203.31054688, 3812.5480957, 1643.65612793, 3482.50488281, 1545.77624512
136, 271, -350.24597168, 8512.15039063, -314.490386963, 8510.37695313, 1197.60192871
137, 239, -1330.61950684, -3835.59350586, -1322.82507324, -3174.17724609, 1457.72570801
137, 255, 1706.12573242, 3058.10546875, 1706.18017578, 3061.20532227, 1606.65991211
137, 271, -346.701599121, 8316.32128906, -311.136322021, 8317.21679688, 1185.88525391
138, 239, -1289.13696289, -3835.88769531, -1227.30969238, -3861.58374023, 1453.39038086
138, 271, -314.833374023, 8515.52734375, -351.942138672, 8516.54394531, 1167.62731934
138, 255, 1519.83349609, 3163.30639648, 1764.11401367, 3061.65429688, 1654.86450195
139, 271, -337.39956665, 7744.36035156, -301.101348877, 7743.83398438, 1210.19763184
139, 239, -1222.39489746, -4451.66796875, -1374.72924805, -4214.67529297, 1541.60095215
139, 255, 1794.34057617, 2660.27587891, 1609.01647949, 2956.47949219, 1487.35400391
140, 239, -1404.51330566, -4078.29101563, -1206.5411377, -4533.06933594, 1532.9152832
140, 255, 1806.18518066, 2953.71313477, 1904.67077637, 2473.98046875, 1489.06726074
140, 271, -339.036254883, 7933.78466797, -303.68572998, 7934.32421875, 1172.12097168
141, 239, -1461.65942383, -4409.35351563, -1226.30493164, -4492.14257813, 1337.05725098
141, 271, -326.094848633, 7207.29248047, -292.976104736, 7201.06640625, 1160.68005371
142, 239, -1278.92712402, -5132.95654297, -1222.63745117, -4512.78808594, 1562.73828125
142, 255, 1892.00634766, 2199.80859375, 1917.37719727, 2198.57788086, 1397.54101563
143, 278, -322.451416016, 6863.38769531, -287.465057373, 6861.81542969, 1269.52490234
143, 239, -1283.58081055, -5015.12792969, -1278.85424805, -5132.25195313, 1482.94226074
144, 280, -308.560028076, 6063.91064453, -303.606567383, 5918.88037109, 1223.3873291
144, 239, -1348.12145996, -5082.77050781, -1348.12426758, -5082.75, 1443.36853027
145, 239, -1354.76501465, -5527.11816406, -1333.39123535, -5526.85742188, 1266.66894531
146, 278, -334.528686523, 5765.67333984, -301.264129639, 5760.08886719, 1277.26330566
147, 278, -362.541442871, 5477.85595703, -296.847381592, 5475.11230469, 1334.45568848
148, 278, -514.655639648, 5057.40478516, -447.562805176, 4928.37597656, 1321.34289551
149, 278, -529.403747559, 4540.4921875, -458.441741943, 4290.52197266, 1366.79138184
150, 278, -537.994812012, 4789.04785156, -494.522094727, 4414.22265625, 1363.01989746
151, 278, -508.981262207, 3936.29541016, -599.458251953, 3932.75439453, 1464.62841797
152, 278, -508.846893311, 3938.77539063, -660.188415527, 3934.86157227, 1464.82702637
153, 278, -707.912719727, 3706.68237305, -644.52355957, 3594.89697266, 1538.91931152
154, 278, -705.713562012, 3059.29882813, -643.641296387, 2962.04223633, 1382.56359863
155, 278, -711.996582031, 3163.97924805, -677.570983887, 3059.4284668, 1376.01806641
156, 283, 3034.22216797, -1417.03344727, 3011.49414063, -1368.82800293, 1637.31506348
156, 278, -734.942932129, 2565.29638672, -702.48626709, 2470.83056641, 1363.00061035
157, 278, -826.569152832, 2290.84863281, -865.442016602, 2472.94287109, 1539.85998535
158, 278, -853.785217285, 2285.15307617, -879.681640625, 2288.03222656, 1485.27380371
159, 278, -959.467407227, 1931.41638184, -860.336364746, 2017.56408691, 1272.1595459
159, 285, 3267.74389648, -2141.85180664, 3077.79077148, -1730.23840332, 1587.63427734
160, 278, -883.786315918, 1600.15478516, -858.120544434, 1597.43212891, 1350.04980469
160, 285, 3193.94702148, -1815.64196777, 3324.93676758, -2220.50048828, 1565.35424805
161, 285, 3448.23266602, -2258.31787109, 3379.24316406, -2257.50317383, 1480.22473145
161, 278, -818.94128418, 1049.4486084, -861.991149902, 977.878356934, 1369.45996094
162, 285, 3642.00683594, -2444.41479492, 3407.12402344, -2101.27197266, 1453.13024902
163, 290, 1368.45214844, -5527.07568359, 1278.32177734, -5049.47363281, 1492.33825684
163, 278, -975.082092285, 899.073547363, -969.238891602, 830.153320313, 1412.25170898
164, 278, -912.728271484, 416.621948242, -901.625183105, 283.856872559, 1401.7935791
166, 278, -843.285705566, -153.375244141, -849.907836914, -331.315979004, 1356.28479004
166, 290, 1364.20129395, -4346.19238281, 1355.83935547, -4259.34814453, 1361.84765625
167, 278, -827.662597656, -331.250610352, -859.772949219, -213.496047974, 1443.28515625
168, 278, -893.39251709, -558.656433105, -930.248291016, -609.811767578, 1389.10778809
168, 302, 1274.44006348, -3785.81933594, 1419.09545898, -3836.5949707, 1225.76928711
169, 278, -921.153991699, -1131.9407959, -926.707519531, -1276.21276855, 1403.35070801
169, 302, 1304.03344727, -3548.01000977, 1338.71240234, -3520.94213867, 1322.21911621
170, 278, -935.741638184, -1372.19396973, -874.065612793, -1416.08544922, 1436.42858887
170, 302, 1284.19335938, -3493.27783203, 1280.14733887, -3521.12670898, 1314.98510742
171, 278, -894.668884277, -1774.41186523, -899.289672852, -1731.24291992, 1455.91992188
171, 302, 1376.07446289, -2989.4675293, 1385.95593262, -3021.58056641, 1266.26721191
172, 278, -977.06237793, -1857.73937988, -1018.13031006, -1816.0300293, 1413.00317383
172, 302, 1282.47229004, -2793.84667969, 1392.04919434, -2990.2175293, 1234.94372559
173, 278, -1095.61914063, -2063.31738281, -1020.26965332, -2101.41601563, 1406.39831543
173, 302, 1321.18005371, -2656.953125, 1353.9642334, -2657.97485352, 1186.64306641
174, 278, -928.025878906, -2141.95043945, -1030.95471191, -2693.62988281, 1434.30773926
174, 302, 1340.24682617, -2333.32446289, 1374.92089844, -2332.94067383, 1258.13391113
175, 278, -928.733215332, -2587.43408203, -1034.68774414, -2793.68334961, 1450.16687012
175, 302, 1382.64099121, -2181.75439453, 1377.08129883, -2220.09472656, 1384.94091797
176, 278, -964.739013672, -3204.59594727, -974.868041992, -3236.35864258, 1462.12854004
176, 302, 1457.3626709, -1728.57995605, 1457.62963867, -1730.07019043, 1271.62060547
178, 278, -923.413879395, -3628.48803711, -1063.36230469, -3466.0534668, 1451.50109863
178, 302, 1375.1986084, -1417.77441406, 1382.54943848, -1371.88708496, 1510.31860352
179, 278, -952.122314453, -4215.34033203, -941.432861328, -3811.03344727, 1545.32739258
179, 302, 1373.49694824, -1033.82531738, 1373.43811035, -1033.37854004, 1377.87805176
180, 278, -978.248474121, -4215.28369141, -904.998840332, -4169.70361328, 1493.88391113
180, 302, 1420.73400879, -978.914855957, 1335.29382324, -879.131896973, 1317.70483398
181, 278, -1197.48754883, -4573.34277344, -853.252075195, -4875.04345703, 1600.90161133
181, 302, 1400.02185059, -555.858642578, 1512.97753906, -500.67980957, 1333.43261719
182, 278, -918.174255371, -4910.77539063, -880.885559082, -4998.53027344, 1573.29516602
182, 302, 1407.75854492, -31.1280918121, 1429.60375977, -32.7770652771, 1223.95141602
183, 278, -1039.15698242, -4893.796875, -889.847961426, -5014.95068359, 1466.22924805
183, 314, 1440.76049805, 217.997695923, 1889.3046875, -1131.63000488, 1539.13195801
184, 278, -979.744995117, -5396.56201172, -861.72479248, -5260.10351563, 1375.36914063
185, 278, -1039.32922363, -5527.16357422, -860.758972168, -5527.10400391, 1348.98339844
185, 315, 1389.61572266, 345.810516357, 1389.91503906, 349.140716553, 1332.41113281
185, 313, 1357.51672363, -5527.23291016, 937.165710449, -5527.09667969, 1152.66345215
186, 315, 1409.81079102, 687.168395996, 1395.3515625, 759.639282227, 1390.21801758
187, 313, 1008.62475586, -5015.42285156, 927.455505371, -5014.94775391, 1251.01989746
187, 315, 1437.25915527, 904.083496094, 1436.93054199, 901.625244141, 1580.96594238
188, 313, 806.523925781, -4532.52197266, 942.293823242, -4998.18457031, 1346.33007813
188, 315, 1483.71643066, 901.123046875, 1451.25854492, 829.984741211, 1545.27062988
189, 313, 1012.64038086, -4431.11181641, 837.391906738, -4303.19287109, 1262.6307373
191, 313, 882.746887207, -3861.8972168, 869.932983398, -3959.18383789, 1332.52685547
192, 313, 920.076843262, -3575.64648438, 830.042236328, -3602.93041992, 1196.52233887
192, 326, 1474.75732422, 2283.73413086, 1464.7800293, 2196.72412109, 1426.38012695
193, 313, 905.059875488, -3575.40087891, 732.946533203, -3114.05273438, 1317.62280273
194, 313, 925.888793945, -2923.97363281, 769.802856445, -2892.51611328, 1251.7175293
195, 313, 859.156066895, -2658.37182617, 806.745605469, -2691.77685547, 1280.33935547
196, 313, 798.364624023, -2444.80664063, 811.796875, -2481.90917969, 1280.25720215
196, 326, 1357.89562988, 2959.95019531, 1394.31274414, 3060.76367188, 1363.2487793
197, 313, 959.285888672, -2062.67529297, 906.14630127, -2062.93237305, 1273.77636719
199, 337, 912.963439941, -1463.06213379, 955.421691895, -1419.07177734, 1265.14111328
200, 337, 907.382751465, -1323.66882324, 887.48260498, -1131.76501465, 1244.66540527
201, 337, 801.807495117, -982.516845703, 822.319519043, -978.81060791, 1245.34020996
202, 337, 900.208435059, -554.906555176, 878.94354248, -555.253051758, 1233.8795166
203, 337, 868.11151123, -445.806488037, 847.083740234, -445.268432617, 1067.22021484
203, 345, -46.2344741821, 12973.0634766, -42.2943840027, 12993.7148438, 911.403564453
204, 347, 914.896362305, -388.647674561, 860.312011719, -271.287994385, 1328.8770752
204, 345, -45.3550720215, 12974.2431641, -42.1310195923, 12987.0273438, 911.393432617
205, 347, 901.670166016, 217.93107605, 935.38458252, 345.820373535, 1320.24572754
205, 345, -42.2672843933, 12661.3300781, -40.1184616089, 12684.5966797, 931.853942871
206, 347, 912.351806641, 351.30581665, 889.84753418, 348.803222656, 1362.8861084
207, 347, 959.589782715, 901.84375, 959.651367188, 898.972290039, 1298.79199219
208, 347, 965.410888672, 974.460144043, 960.001037598, 902.977294922, 1356.28967285
209, 347, 1036.88317871, 973.684509277, 1013.28015137, 973.768432617, 1452.66186523
210, 347, 1015.82910156, 1593.41931152, 1042.20043945, 1597.59973145, 1262.9161377
211, 347, 1133.92932129, 1762.85253906, 1030.71533203, 1761.5949707, 1236.44445801
212, 347, 1200.34216309, 2198.4543457, 1094.43969727, 2196.66088867, 1247.51855469
212, 354, -342.496948242, 10272.0634766, -339.003601074, 10277.6425781, 976.001342773
213, 347, 1209.1217041, 2290.87695313, 1082.62561035, 2380.58227539, 1256.7755127
214, 347, 1243.07543945, 2957.12890625, 1158.37451172, 2955.27783203, 1189.61291504
214, 354, -337.295593262, 10275.9443359, -337.723449707, 10271.4375, 824.544555664
215, 347, 1158.04443359, 3269.66186523, 1147.32104492, 3163.8425293, 1199.18530273
215, 354, -314.978057861, 8730.390625, -312.848510742, 8727.4296875, 933.309936523
216, 347, 1147.64697266, 3167.69970703, 1119.95996094, 3167.6796875, 1328.83898926
217, 359, -299.628875732, 7932.53759766, -304.604095459, 7935.50683594, 1222.0402832
217, 347, 1210.99523926, 3932.76391602, 1173.11071777, 3822.91235352, 1226.82092285
218, 347, 1192.45837402, 4048.3659668, 1190.8762207, 4048.67993164, 1203.75463867
218, 359, -310.818786621, 8511.2421875, -312.084960938, 8510.04785156, 1128.42150879
219, 347, 1201.88537598, 4170.89208984, 1200.32885742, 4170.87841797, 1156.15136719
221, 362, 1241.81896973, 5058.63330078, 1231.08532715, 4932.50244141, 1064.25964355
222, 360, -331.933685303, 7376.35449219, -327.351928711, 7213.43164063, 1220.03637695
222, 362, 1305.59338379, 5475.25634766, 1274.22033691, 5474.36914063, 1250.06298828
223, 360, -325.228729248, 7036.74560547, -323.485107422, 7032.56542969, 1105.81176758
223, 362, 1271.59924316, 5064.84716797, 1241.0612793, 5064.54003906, 1239.22619629
224, 362, 1309.40722656, 5911.56787109, 1308.77587891, 5910.39550781, 1213.46020508
225, 362, 1320.40869141, 6064.85205078, 1320.26147461, 6067.96630859, 1442.26611328
226, 370, -311.131744385, 6223.96386719, -344.831573486, 6218.82177734, 1152.37854004
227, 370, -307.446594238, 6064.48535156, -445.136444092, 6065.57324219, 1212.43371582
227, 362, 1188.52355957, 7197.91748047, 1188.07226563, 7197.62841797, 1295.82922363
228, 362, 1177.96252441, 7035.90039063, 1165.69970703, 6866.82910156, 1358.33007813
228, 370, -392.465606689, 5335.94091797, -496.766021729, 5477.06347656, 1277.4564209
229, 370, -496.342041016, 5475.79589844, -298.0574646, 5615.88378906, 1277.55322266
229, 367, 527.095092773, -5526.86816406, 419.395294189, -5291.15771484, 1174.88244629
229, 371, -1382.54833984, 4929.06201172, -1342.43127441, 5195.46972656, 1699.71716309
229, 372, 1165.98999023, 7374.87060547, 1187.8092041, 7212.11962891, 962.612060547
230, 367, 548.270568848, -5527.16845703, 516.787597656, -5527.13427734, 1389.64550781
230, 370, -350.86315918, 4930.68261719, -349.988830566, 4932.52539063, 1286.55993652
231, 367, 557.795715332, -5014.59179688, 381.56829834, -5212.64355469, 1479.56640625
231, 370, -382.820343018, 4921.57714844, -316.241210938, 4798.6171875, 1183.61462402
232, 370, -347.879974365, 4796.9765625, -442.475952148, 4795.26464844, 1297.78613281
232, 367, 535.794555664, -4471.58935547, 429.428527832, -5164.86230469, 1507.40014648
233, 370, -312.657928467, 4664.12158203, -467.563446045, 4536.86767578, 1314.97631836
233, 381, 1212.96801758, 7568.08056641, 1177.21496582, 7564.77587891, 1764.88916016
233, 367, 492.448394775, -4533.23193359, 477.968383789, -4553.12207031, 1329.60656738
234, 370, -280.507293701, 4667.4609375, -466.559326172, 4537.38769531, 1286.36218262
234, 367, 506.089263916, -4367.29296875, 444.262969971, -4324.61669922, 1462.34387207
234, 381, 1223.41491699, 7744.625, 1177.68530273, 7568.96728516, 1781.9621582
235, 370, -328.429473877, 3932.68359375, -266.293548584, 3817.88867188, 1252.22790527
235, 383, 1301.75402832, 8920.87597656, 1302.64624023, 8920.3671875, 1330.78991699
236, 367, 574.407653809, -3708.18359375, 418.222229004, -3682.69287109, 1352.62011719
236, 370, -441.533996582, 3702.12036133, -313.304260254, 3271.70361328, 1142.1171875
237, 367, 566.801879883, -3439.05493164, 392.546936035, -3630.13183594, 1416.81408691
238, 367, 349.890258789, -3629.99633789, 510.396850586, -2956.84228516, 1450.02380371
238, 370, -399.52935791, 3268.14672852, -448.970672607, 3062.52075195, 1357.33154297
239, 367, 494.480041504, -2957.44335938, 361.216949463, -3083.0480957, 1389.84521484
239, 389, -1266.22302246, 10500.328125, -1252.62976074, 10277.5322266, 1168.78991699
239, 370, -444.191375732, 2857.96777344, -443.943084717, 2856.43920898, 1117.12817383
240, 367, 483.870300293, -2859.8347168, 497.354705811, -2891.81787109, 1411.11523438
241, 370, -456.845397949, 2470.50244141, -453.720001221, 2379.8684082, 1092.84313965
242, 367, 554.140563965, -2295.83569336, 420.770599365, -2219.8815918, 1384.4387207
242, 370, -448.074493408, 2193.07519531, -447.831970215, 2191.20458984, 1137.82568359
243, 367, 675.619018555, -2060.65966797, 427.647705078, -2063.80371094, 1423.47106934
243, 370, -425.122650146, 1516.5769043, -428.318267822, 1594.40820313, 1300.05578613
243, 401, -1008.66253662, 8934.4765625, -970.312438965, 8932.49609375, 1116.25634766
245, 367, 707.571777344, -1418.3638916, 463.306091309, -1369.15124512, 1405.68225098
246, 367, 765.019226074, -1180.56066895, 696.076049805, -1322.86022949, 1415.1652832
246, 370, -403.07824707, 901.935852051, -403.171875, 899.774780273, 1258.90722656
247, 367, 639.459960938, -1031.71960449, 774.15802002, -1082.66955566, 1441.25476074
247, 370, -411.899261475, 483.48651123, -434.230499268, 483.250244141, 1296.52331543
248, 367, 819.797485352, -773.321899414, 725.078369141, -667.108093262, 1418.73706055
248, 370, -532.862548828, 155.440307617, -418.706756592, 92.182220459, 1222.96569824
249, 367, 820.522033691, -500.677856445, 800.128601074, -499.912078857, 1382.58203125
249, 370, -416.386138916, 30.412940979, -535.413635254, 218.110992432, 1202.30749512
250, 370, -352.139678955, -558.682556152, -423.106384277, -329.775054932, 1340.16552734
251, 418, -461.607269287, 6696.42773438, -534.298522949, 6700.06298828, 1589.19311523
251, 367, 842.114501953, 28.9998111725, 863.188110352, 28.3516273499, 1391.76037598
252, 419, -101.005661011, 6379.53125, -32.6258277893, 6378.65234375, 1307.01513672
252, 370, -411.51159668, -612.337280273, -391.442230225, -611.871704102, 1239.98486328
253, 367, 885.04284668, 281.472686768, 780.761291504, 413.430114746, 1395.36108398
253, 370, -463.382476807, -1228.73071289, -469.247589111, -1131.78771973, 1326.68505859
254, 370, -438.117645264, -1372.3059082, -322.317626953, -1416.92773438, 1300.2512207
254, 367, 928.404174805, 827.625061035, 910.465087891, 899.168151855, 1429.57141113
254, 421, -554.695068359, 6222.66259766, -554.752868652, 6222.04736328, 1256.35668945
255, 370, -418.856872559, -1368.80749512, -304.22833252, -1370.7487793, 1184.94384766
255, 367, 868.654541016, 976.456054688, 916.91192627, 977.862365723, 1372.27087402
256, 370, -291.812927246, -2258.49121094, -442.920410156, -1643.66223145, 1324.70629883
257, 421, -567.76184082, 5618.00732422, -641.078369141, 5762.05761719, 1476.87402344
257, 426, 249.89453125, 6221.97705078, 108.384933472, 6069.45703125, 1526.06884766
257, 370, -424.338775635, -2021.79980469, -319.116851807, -1981.97729492, 1209.17687988
257, 367, 990.655578613, 1594.17016602, 960.207336426, 1515.17297363, 1450.03491211
258, 421, -545.219299316, 5905.69824219, -573.970581055, 5763.40869141, 1322.53100586
258, 367, 947.042175293, 1677.71594238, 902.787658691, 1761.22070313, 1403.83996582
258, 370, -411.173919678, -2622.67773438, -410.866546631, -2621.97460938, 1284.44946289
259, 367, 1033.66223145, 2106.71899414, 1043.71508789, 1932.36547852, 1397.90734863
260, 370, -362.325622559, -2956.98632813, -362.440582275, -2956.88989258, 1230.72900391
260, 367, 1047.03259277, 2286.29760742, 1048.40039063, 2284.04199219, 1487.97021484
261, 367, 1008.91455078, 2470.84960938, 1048.76904297, 2291.39770508, 1442.39367676
261, 370, -383.82244873, -2860.32958984, -244.847015381, -3602.34594727, 1277.26025391
261, 428, -506.587127686, 4798.37890625, -508.295257568, 4791.25341797, 1319.37805176
262, 428, -502.706756592, 4663.14697266, -530.856506348, 4536.04394531, 1408.04504395
262, 367, 1015.99554443, 2566.38598633, 1054.95385742, 2380.26635742, 1894.98498535
262, 370, -381.974700928, -3204.6340332, -259.116394043, -3174.92602539, 1094.859375
262, 429, 835.206298828, 6064.25341797, 802.895324707, 6069.87011719, 1407.93786621
263, 370, -323.23348999, -3785.54418945, -365.871124268, -4031.09008789, 1398.42248535
263, 367, 1062.11791992, 3165.93725586, 990.174377441, 2960.67285156, 1432.51733398
264, 428, -508.467926025, 3938.60424805, -630.128356934, 3939.42041016, 1384.90002441
264, 430, 186.006088257, 3935.56640625, 125.051277161, 3933.80566406, 1292.56713867
264, 367, 1109.53088379, 3062.3503418, 885.04675293, 3061.39794922, 1386.22766113
265, 370, -242.346633911, -4409.21484375, -319.508666992, -4410.47802734, 1258.28259277
265, 434, -264.860626221, 15727.2568359, -47.7437477112, 15740.6826172, 2081.2722168
266, 370, -287.410614014, -5032.84326172, -299.409057617, -5015.11962891, 1406.04870605
266, 430, 214.852386475, 3930.82226563, 214.973709106, 3824.11767578, 1196.12683105
266, 428, -535.196411133, 3815.25390625, -501.95904541, 3707.12817383, 1283.08581543
267, 428, -662.833984375, 3374.15161133, -486.058105469, 3270.09936523, 1337.17871094
267, 442, 1638.40734863, 5758.77832031, 206.614730835, 3268.77661133, 1739.10266113
267, 370, -393.408874512, -4651.4140625, -283.461486816, -5099.50097656, 1306.89038086
267, 367, 849.585632324, 3935.31738281, 699.792358398, 3936.60620117, 1326.63354492
268, 428, -675.663818359, 3064.98168945, -478.405792236, 3062.01123047, 1330.93798828
268, 447, 205.07989502, 3163.77807617, 230.875900269, 3063.64208984, 1298.74682617
268, 370, -441.407409668, -5381.88378906, -348.336395264, -5148.25292969, 1222.20166016
268, 448, 1638.71777344, 5767.28759766, 1720.07678223, 5904.49951172, 1514.42053223
268, 367, 699.107543945, 3935.375, 698.079162598, 3934.33178711, 1453.78991699
269, 428, -667.541931152, 2856.13769531, -470.880462646, 2858.015625, 1381.57141113
269, 370, -506.451171875, -5382.39794922, -356.731536865, -5367.03808594, 951.884460449
269, 447, 201.480941772, 2958.37280273, 202.648727417, 2961.52172852, 1199.54760742
270, 451, 726.153686523, 4536.53710938, 720.913574219, 4415.04638672, 1475.45593262
270, 428, -670.822631836, 2955.6418457, -587.159362793, 2955.72900391, 1273.9354248
271, 367, 197.130447388, 2663.77441406, 226.401321411, 2759.34570313, 1241.35375977
271, 428, -615.173034668, 2379.38427734, -427.952606201, 2379.82470703, 1296.68029785
271, 454, 707.73223877, 4798.56054688, 707.456481934, 4797.88623047, 1163.3314209
272, 428, -624.749755859, 2566.61206055, -424.884796143, 2288.63671875, 1303.98278809
273, 428, -448.266601563, 2198.51660156, -422.523223877, 2197.61157227, 1322.88879395
273, 455, 191.150131226, 2191.4140625, 213.303314209, 1930.50476074, 1394.38879395
274, 428, -439.400939941, 1931.79394531, -435.299133301, 1847.23693848, 1311.12963867
274, 455, 182.102966309, 1595.42285156, 206.131088257, 1593.02587891, 1241.03320313
275, 428, -449.608673096, 1512.15759277, -373.513031006, 1517.60571289, 1420.75048828
275, 455, 201.587112427, 1276.04467773, 197.298187256, 1050.14941406, 1360.26672363
275, 457, 823.746154785, 6534.95117188, 822.038574219, 6533.89892578, 1341.33129883
276, 428, -421.751190186, 1433.93005371, -395.201080322, 1433.37744141, 1347.73144531
276, 455, 171.884994507, 976.892883301, 172.980255127, 977.900512695, 1146.44445801
277, 455, 218.661315918, 898.881958008, 282.767730713, 619.359130859, 1304.79516602
277, 428, -383.399200439, 1048.40014648, -333.178771973, 976.722351074, 1351.25927734
277, 457, 822.825561523, 6534.92871094, 874.518859863, 6861.10009766, 1341.71496582
278, 428, -404.930603027, 979.118713379, -333.079803467, 972.981018066, 1403.05187988
278, 455, 188.230239868, 549.627258301, 166.494125366, 550.995239258, 1318.89099121
279, 455, 163.346343994, 484.389709473, 186.31149292, 417.657928467, 1181.36962891
279, 459, 855.614868164, 7205.07080078, 857.832885742, 7206.02441406, 1186.07995605
280, 460, 857.819458008, 7211.05175781, 865.398071289, 7378.05175781, 1375.04504395
280, 428, -386.626220703, 416.411560059, -339.836669922, 416.456115723, 1318.12939453
280, 455, 160.619979858, 218.615219116, 184.858642578, 283.392242432, 1220.08544922
281, 460, 873.817199707, 7560.43017578, 872.003479004, 7559.12988281, 1215.95141602
281, 428, -384.007232666, 347.611083984, -360.033081055, 346.819519043, 1361.32641602
281, 455, 156.112640381, -94.4984664917, 154.660675049, -94.4293518066, 1326.47485352
282, 463, 874.412841797, 7561.80273438, 873.854919434, 7562.20654297, 1211.49768066
282, 455, 153.922210693, -152.901672363, 155.364105225, -155.718383789, 1299.72351074
282, 428, -350.3409729, 29.3986244202, -325.860931396, -30.9450778961, 1332.97424316
283, 428, -368.819519043, -92.9525375366, -300.014526367, -154.906845093, 1325.52319336
283, 455, 148.395462036, -609.546020508, 267.710357666, -772.631713867, 1431.09240723
284, 428, -378.081695557, 218.250183105, 177.119476318, -154.008239746, 1348.45507813
284, 463, 881.046203613, 7750.03369141, 889.894775391, 7932.68994141, 1476.73681641
285, 428, -352.218566895, -554.701049805, -288.470214844, -558.391784668, 1375.85522461
285, 455, 144.929580688, -877.855285645, 262.231262207, -979.549316406, 1304.52270508
285, 465, 871.723449707, 7559.87011719, 835.913635254, 7564.52294922, 1437.95922852
286, 428, -339.004333496, -929.968139648, -318.994873047, -930.257873535, 1340.24230957
286, 455, 176.63482666, -1322.72961426, 250.601196289, -1415.67578125, 1309.7109375
286, 466, -747.802246094, 12098.03125, -747.566467285, 12092.859375, 1144.84082031
287, 428, -337.639404297, -978.517944336, -278.370605469, -928.813720703, 1334.56555176
287, 468, 920.542602539, 8517.03710938, 888.303649902, 8712.85742188, 1404.93395996
287, 455, 138.748397827, -1275.96105957, 292.325256348, -1276.92944336, 1253.61828613
288, 428, -331.9190979, -1131.62438965, -332.062927246, -1131.14013672, 1376.87536621
288, 455, 207.255142212, -1643.54162598, 278.098571777, -1771.81530762, 1394.10375977
289, 455, 150.95173645, -1728.52636719, 291.198303223, -1940.47338867, 1308.66674805
289, 428, -322.651428223, -1370.81994629, -302.648101807, -1417.80224609, 1356.27429199
290, 455, 251.895050049, -2023.00524902, 303.573608398, -2063.31201172, 1333.08789063
290, 428, -295.474304199, -1642.81933594, -340.688568115, -1416.65588379, 1363.88781738
290, 470, -745.925964355, 10755.0830078, -746.507080078, 10752.4335938, 1116.2668457
291, 455, 150.761871338, -2690.93530273, 216.372634888, -2656.73852539, 1389.29309082
291, 428, -442.737609863, -2021.77575684, -284.24230957, -1982.61755371, 1331.13476563
292, 455, 133.189041138, -2691.11083984, 266.762390137, -2623.71801758, 1373.00878906
292, 428, -434.122894287, -2181.97387695, -350.070251465, -2104.25537109, 1384.21972656
293, 455, 161.401504517, -2926.59667969, 240.866836548, -2926.17944336, 1403.84179688
293, 428, -426.814117432, -2332.64379883, -297.081176758, -2101.70288086, 1394.9296875
293, 471, -737.344482422, 10505.2949219, -737.09185791, 10500.5263672, 1234.77258301
294, 428, -327.595703125, -2656.69140625, -411.524047852, -2622.234375, 1393.62927246
294, 455, 131.129089355, -2892.51147461, 261.986907959, -3235.99780273, 1358.44091797
295, 428, -342.152313232, -2692.43139648, -383.546142578, -2859.59667969, 1366.98779297
295, 455, 246.636871338, -3235.6965332, 260.182617188, -3294.15625, 1329.79003906
296, 455, 222.940261841, -3959.49291992, 196.618438721, -3885.94335938, 1414.99511719
296, 428, -521.34588623, -3174.09008789, -375.961151123, -2989.18212891, 1436.75183105
296, 477, -678.318969727, 8724.18945313, -677.905395508, 8721.15917969, 1128.18530273
296, 476, 750.973083496, 11818.921875, 742.670288086, 11546.3476563, 1006.06970215
297, 455, 220.762069702, -4006.91845703, 232.965881348, -3655.67919922, 1401.16186523
297, 428, -592.236694336, -3438.80395508, -377.949829102, -2957.74145508, 1450.66711426
297, 477, -644.857727051, 7746.67626953, -642.324279785, 7743.94238281, 1511.85131836
298, 455, 204.902389526, -4055.05786133, 333.921661377, -4192.62353516, 1413.5604248
298, 428, -591.078430176, -3628.35424805, -392.097961426, -2990.48046875, 1421.30712891
298, 477, -663.099304199, 8316.69335938, -664.051513672, 8317.91308594, 1294.9921875
299, 428, -591.25793457, -3629.48632813, -449.100097656, -3810.44995117, 1427.25354004
299, 486, -637.690124512, 7566.40380859, -712.626098633, 7565.14550781, 1437.79589844
299, 455, 303.402435303, -4532.72460938, 388.753814697, -4573.10839844, 1423.31713867
299, 483, 736.434143066, 12678.7070313, 736.637634277, 12678.8691406, 945.884216309
300, 455, 290.282165527, -4552.08886719, 400.540985107, -4592.93359375, 1374.23156738
300, 486, -631.119140625, 7384.04541016, -667.133605957, 7378.87939453, 1345.96313477
300, 428, -602.362487793, -3493.5090332, -446.791748047, -4236.57275391, 1509.88916016
300, 483, 777.741271973, 12679.0566406, 736.024353027, 12678.5107422, 1294.8581543
301, 455, 266.70123291, -5275.41503906, 261.604431152, -5148.18798828, 1488.63525391
301, 428, -545.640808105, -4169.75976563, -483.060302734, -4281.39550781, 1417.60302734
301, 483, 742.752258301, 12972.3457031, 734.251220703, 12688.8076172, 1586.55371094
301, 487, -624.345214844, 7209.35791016, -660.636474609, 7206.33984375, 1355.82714844
302, 455, 287.671569824, -5291.26757813, 432.266296387, -5276.01513672, 1393.59667969
302, 428, -606.86706543, -4727.38867188, -457.120300293, -4281.41650391, 1510.76635742
303, 428, -602.043884277, -4892.91796875, -415.457214355, -4512.6484375, 1500.8067627
303, 487, -533.0703125, 6696.25341797, -606.06829834, 6696.13574219, 1484.72888184
303, 455, 323.816375732, -5411.68017578, 422.067626953, -5527.00195313, 1390.10583496
304, 455, 327.315826416, -5527.22949219, 485.014251709, -5527.33447266, 1127.49743652
304, 487, -493.361022949, 6535.14111328, -553.483886719, 6224.03320313, 1402.44482422
305, 428, -471.519592285, -5411.90380859, -515.163513184, -5411.52441406, 1498.62207031
305, 487, -544.53717041, 5918.50097656, -543.90411377, 5907.43652344, 1363.52197266
306, 428, -627.919677734, -5275.77294922, -502.919799805, -5526.91357422, 1316.43347168
306, 487, -437.167785645, 5762.04736328, -538.628112793, 5762.41113281, 1422.13061523
307, 428, -681.377441406, -5527.30566406, -502.927093506, -5527.26074219, 1214.71618652
307, 487, -291.860168457, 5195.18701172, -418.996734619, 5065.24560547, 1426.80725098
308, 490, 786.266906738, 14275.7753906, 786.461547852, 14269.7675781, 1163.0982666
309, 487, -478.334716797, 4920.86816406, -509.144256592, 4922.453125, 1310.43054199
310, 490, 867.494506836, 15347.6796875, 868.350830078, 15339.8173828, 981.313964844
312, 505, -327.782318115, 3938.58935547, -387.928497314, 3933.52758789, 1355.20263672
313, 505, -469.250396729, 3706.06176758, -290.85458374, 3592.39160156, 1368.63647461
314, 505, -467.641418457, 3592.48828125, -256.078186035, 3271.2956543, 1356.89990234
315, 505, -506.821044922, 3059.47119141, -278.458587646, 2963.43286133, 1384.30102539
317, 505, -597.494140625, 2566.29589844, -484.800018311, 2470.70068359, 1361.09460449
318, 505, -531.703308105, 2283.71850586, -448.977905273, 2196.20361328, 1421.10083008
319, 505, -532.093078613, 1680.71435547, -427.62020874, 1597.9934082, 1394.7376709
320, 505, -604.742797852, 1592.65710449, -549.966064453, 1514.9967041, 1459.33410645
321, 505, -622.029785156, 972.582641602, -573.277587891, 978.085388184, 1439.16564941
322, 505, -741.792541504, 973.018249512, -528.195739746, 1049.22180176, 1417.95410156
322, 512, 897.171142578, 17768.7207031, 897.779052734, 17766.2089844, 1134.64196777
323, 505, -736.663696289, 899.18737793, -536.060668945, 687.076477051, 1459.10998535
324, 505, -633.120788574, 350.885498047, -561.473327637, 284.071960449, 1382.15087891
325, 505, -723.573608398, 350.189025879, -549.352294922, 29.0048141479, 1393.72424316
326, 505, -834.694458008, -501.527404785, -709.64440918, -212.329025269, 1490.84655762
327, 505, -519.3515625, -554.552368164, -780.751403809, -665.909851074, 1452.9675293
328, 505, -808.428100586, -825.456298828, -646.845397949, -826.377563477, 1438.86669922
329, 505, -676.692382813, -982.95904541, -610.743286133, -1370.00878906, 1431.06970215
330, 505, -708.274963379, -1082.41870117, -598.25177002, -1554.01708984, 1469.91687012
331, 505, -752.998413086, -1732.18054199, -602.218933105, -1772.4407959, 1450.09680176
332, 505, -724.946594238, -2258.44458008, -699.43157959, -2143.3371582, 1497.99243164
333, 505, -679.429504395, -2587.21362305, -693.975463867, -2408.07348633, 1491.87109375
334, 505, -673.705810547, -2656.81103516, -549.062561035, -2793.72583008, 1534.2479248
335, 505, -647.453430176, -2956.85595703, -637.143371582, -3083.42260742, 1496.39343262
336, 505, -765.108581543, -3052.25708008, -642.14630127, -3205.8137207, 1468.70397949
337, 505, -806.419494629, -3759.65087891, -813.088562012, -3708.04443359, 1563.66992188
338, 505, -809.48034668, -4078.3527832, -619.375610352, -3465.66259766, 1561.57666016
339, 505, -851.231689453, -4169.54199219, -709.944763184, -4124.13232422, 1477.25280762
340, 505, -732.639099121, -4388.15039063, -690.279052734, -4746.96923828, 1675.44287109
341, 505, -733.772949219, -4784.13818359, -752.799987793, -4998.66015625, 1575.84887695
342, 505, -927.731201172, -4997.86962891, -751.031799316, -5015.86621094, 1490.0559082
343, 505, -997.303405762, -5527.00244141, -750.875915527, -5015.89404297, 1521.34326172
344, 505, -1018.66607666, -5527.03417969, -797.412902832, -5526.92089844, 1320.82897949
348, 517, -390.564727783, 13304.8291016, -390.431427002, 13299.9648438, 2373.54077148
354, 521, 760.261108398, 12102.1835938, 707.204772949, 11817.4912109, 1265.79443359
362, 531, -744.928466797, 10760.5771484, -706.840637207, 10752.2626953, 1116.37231445
369, 538, -324.288360596, 9141.64550781, -323.242828369, 9140.31445313, 1317.33288574
373, 546, -280.450714111, 9141.86035156, -321.071807861, 9137.59570313, 1588.94091797
377, 550, -701.748352051, 9358.22949219, -732.653930664, 9146.45800781, 1443.90869141
378, 550, -1091.32800293, 10503.171875, -1092.37011719, 10511.4287109, 1405.55786133
378, 551, 244.690872192, 8520.84472656, 162.141647339, 8320.1171875, 1620.84387207
379, 551, 82.3210372925, 7935.54150391, 45.6709747314, 8510.32128906, 1475.77355957
385, 563, 878.913513184, 6223.09912109, 914.192626953, 6224.66650391, 1124.99108887
386, 566, 1062.2097168, 6373.82519531, 1096.04931641, 6373.33642578, 1119.07885742
387, 567, -949.429992676, 8509.47949219, -946.694763184, 8511.33496094, 1303.15087891
387, 568, 4.61093950272, 7381.18164063, 152.961532593, 7206.08691406, 1478.35839844
388, 563, 1068.00354004, 5908.44677734, 1057.3470459, 5766.74902344, 1211.88586426
388, 569, 215.183029175, 6223.66796875, 5.67547702789, 7032.66796875, 1542.38220215
389, 566, 1058.25427246, 5759.59863281, 1049.26330566, 5614.63623047, 1248.42565918
393, 574, 996.428588867, 4796.02099609, 995.302124023, 4790.31298828, 1130.36743164
396, 578, 865.659851074, 3705.41137695, 865.331787109, 3705.77026367, 1331.26269531
397, 578, 680.512573242, 3591.46459961, 667.491577148, 3270.77661133, 1309.62756348
398, 579, 5.3482875824, 4926.29785156, 693.684631348, 3815.29882813, 1808.53771973
400, 581, -349.091644287, 13932.1621094, -44.553730011, 13605.6103516, 659.602661133
400, 582, 521.637878418, 4051.21728516, 548.15435791, 4794.22314453, 2113.65039063
402, 585, 400.780273438, 2107.49682617, 429.473876953, 2195.18920898, 1712.9276123
403, 585, 403.064788818, 2192.08813477, 424.936340332, 2104.28613281, 1456.85058594
404, 585, 255.256347656, 1511.46862793, 254.168106079, 1433.18579102, 1184.80053711
405, 585, 204.698394775, 1435.46069336, 651.508544922, 2956.43774414, 1345.81201172
407, 585, 193.910568237, 898.712890625, 329.600860596, 619.283508301, 1304.79602051
408, 585, 170.630340576, 828.043212891, 308.30178833, 687.320678711, 1304.79602051
408, 589, 673.538696289, 2287.2331543, 795.62286377, 2104.76318359, 1345.18139648
409, 585, 162.389648438, 348.548400879, 116.59009552, 282.968139648, 1713.61901855
410, 589, 811.652587891, 1933.10217285, 825.794433594, 1761.67431641, 1311.82067871
411, 585, 24.6542263031, -556.165527344, 44.9210891724, -554.62322998, 1346.55090332
412, 589, 778.274719238, 1051.97570801, 836.850097656, 1199.95300293, 1380.50109863
412, 585, 44.9713630676, -554.128540039, 65.3295288086, -555.986877441, 1306.88208008
413, 589, 880.514221191, 1124.58325195, 951.974121094, 1124.43713379, 1363.33898926
413, 585, -38.8378639221, -610.056091309, 2.67342948914, -667.800598145, 1398.38317871
414, 585, -151.758758545, -1228.06103516, -16.9213027954, -1032.20349121, 1355.88684082
414, 589, 919.408752441, 417.419799805, 924.781799316, 482.153686523, 1320.48632813
414, 600, -970.608215332, 1433.15368652, -971.113464355, 1434.35437012, 1313.55334473
415, 600, -946.48638916, 1125.19396973, -795.736328125, 1048.16479492, 1296.90576172
415, 589, 919.689147949, 418.314605713, 993.170898438, 483.615509033, 1430.42834473
415, 585, -153.401901245, -1132.1583252, -115.234321594, -1132.22741699, 1375.25537109
416, 589, 901.775024414, 219.056564331, 930.241210938, 283.989532471, 1379.3059082
416, 585, -125.20287323, -1772.25866699, -125.884658813, -1731.81359863, 1281.40161133
416, 601, 321.804229736, 1201.69018555, 326.593017578, 1354.27648926, 1323.31347656
416, 600, -903.905822754, 899.012451172, -821.925842285, 758.251342773, 1341.62756348
417, 589, 871.601074219, -153.599594116, 968.79699707, -30.2447528839, 1431.85119629
417, 600, -882.073120117, 618.13671875, -779.41973877, 481.048065186, 1293.02624512
417, 585, -145.872497559, -1686.22631836, -145.829330444, -1686.1027832, 1091.1661377
418, 589, 897.652648926, -95.090461731, 985.315246582, -90.5105285645, 1311.4107666
418, 585, -280.338317871, -2061.0222168, -192.503814697, -2061.74853516, 1184.06616211
419, 585, -116.867889404, -2370.09448242, -281.058624268, -2587.99145508, 1264.26184082
419, 602, 341.595001221, 283.593841553, 366.110137939, 347.432128906, 1562.0769043
419, 589, 983.592834473, -556.889648438, 946.170776367, -500.003692627, 1436.49499512
420, 607, 4.8622713089, 5912.20263672, 40.4109649658, 5909.54443359, 1414.00622559
420, 585, -361.607452393, -2623.20263672, -229.265106201, -2623.10839844, 1343.27416992
420, 608, -47.0430908203, 1515.41552734, -171.447814941, 1433.23535156, 874.781494141
420, 602, 345.262298584, 346.327514648, 367.140533447, 347.765014648, 1192.06726074
420, 589, 936.055969238, -1030.86279297, 936.455444336, -1031.50769043, 1411.32165527
421, 585, -263.600952148, -3052.62524414, -246.892822266, -3114.38134766, 1352.14282227
421, 602, 327.380615234, -213.844741821, 492.280578613, -330.912445068, 1398.19604492
421, 608, -369.997192383, -30.1034049988, -195.230621338, 30.0426464081, 1183.44128418
421, 610, 1048.28149414, 5616.30517578, 1073.92919922, 5475.05322266, 1278.60754395
421, 609, -891.589660645, -93.7744369507, -825.705993652, -94.2813339233, 1230.42041016
422, 610, 1198.10510254, 4921.63574219, 1028.26745605, 4795.37695313, 1341.68334961
422, 585, -379.691711426, -2925.17700195, -240.339614868, -3294.00463867, 1305.96325684
422, 589, 931.819946289, -1081.29589844, 925.705383301, -1131.78198242, 1438.60852051
422, 602, 314.233795166, -610.501708984, 397.273742676, -610.117919922, 1405.11462402
422, 609, -778.236755371, 154.614135742, -826.154296875, -92.9343719482, 1300.28320313
422, 608, -201.769790649, 349.049682617, -221.567886353, 218.956588745, 989.198974609
423, 585, -375.371154785, -3601.53540039, -252.502685547, -3379.9519043, 1301.84863281
423, 610, 995.474487305, 4788.7890625, 1219.61376953, 4796.44775391, 1349.81188965
423, 589, 916.751159668, -1419.88708496, 883.558898926, -1370.44714355, 1445.44897461
423, 609, -869.38104248, -94.2506103516, -738.550964355, -95.3061599731, 1121.6739502
423, 607, -29.086139679, 5196.29785156, 100.900398254, 4929.63427734, 1296.83081055
423, 602, 325.580383301, -878.503112793, 305.038970947, -928.88470459, 1436.21520996
423, 608, -222.987670898, 283.006317139, -311.522521973, 219.237243652, 964.813781738
424, 585, -356.731445313, -3959.14013672, -399.890472412, -3683.06982422, 1274.3092041
424, 589, 918.378540039, -1417.50158691, 955.513549805, -1419.46191406, 1369.67126465
424, 602, 321.562438965, -982.660766602, 435.145111084, -1131.03369141, 1375.09008789
424, 610, 947.976379395, 4052.86474609, 979.110168457, 4050.51708984, 1287.25976563
424, 609, -829.557800293, -826.12512207, -797.393310547, -719.205444336, 1165.04089355
424, 612, -186.634048462, -501.464233398, -184.090835571, -557.736083984, 1103.96984863
425, 585, -429.243865967, -3885.5168457, -229.849975586, -4030.06005859, 1328.27233887
425, 607, -27.8782463074, 4414.42382813, 158.525283813, 4290.65966797, 1359.67089844
425, 589, 894.518859863, -1643.51208496, 1010.69604492, -1773.96765137, 1389.15808105
425, 610, 925.203918457, 3702.09228516, 955.967285156, 3703.93554688, 1402.06347656
425, 609, -787.092712402, -1323.79296875, -783.584289551, -1370.7175293, 1375.07299805
425, 613, 300.953369141, -1030.55004883, 301.002075195, -1030.20947266, 1174.6048584
426, 585, -525.966369629, -4236.03564453, -212.030090332, -4552.64404297, 1410.14160156
426, 602, 284.243927002, -1553.79980469, 409.499755859, -1686.3972168, 1316.66027832
426, 609, -815.371582031, -1643.43200684, -797.357788086, -1642.38208008, 1318.80480957
427, 610, 962.342163086, 3819.3515625, 992.458679199, 3820.17285156, 1255.73864746
427, 602, 286.513305664, -2061.97412109, 288.219573975, -2022.43969727, 1362.63598633
427, 607, -26.0420837402, 3814.99365234, 93.6665802002, 3817.67919922, 1351.75354004
427, 585, -220.488204956, -4651.16308594, -320.987884521, -4367.09326172, 1342.40856934
427, 609, -764.143432617, -1598.73034668, -744.985168457, -1599.20581055, 1189.92858887
428, 585, -393.153839111, -4997.55712891, -285.901977539, -4573.45068359, 1378.60351563
428, 589, 1003.22106934, -2693.44970703, 1003.17980957, -2692.99291992, 1458.76098633
428, 602, 280.204071045, -2220.26147461, 281.264129639, -2220.29077148, 1440.07995605
428, 623, -143.811141968, -1815.83032227, -143.168380737, -1774.15478516, 1445.10742188
428, 610, 963.543395996, 3816.80029297, 933.628112793, 3816.53051758, 1277.62036133
428, 609, -766.832885742, -1772.49719238, -730.671447754, -1774.97595215, 1178.82678223
429, 602, 415.020843506, -2658.1262207, 275.951507568, -2371.7565918, 1405.18664551
429, 585, -364.071166992, -5259.68896484, -430.475952148, -5115.33349609, 1414.37084961
429, 623, -153.80166626, -2258.76904297, -287.946533203, -2371.61352539, 1406.24438477
429, 589, 985.274475098, -2956.5847168, 989.393554688, -2925.96826172, 1455.79785156
429, 607, 32.4049034119, 3057.65795898, 33.0717735291, 2960.82299805, 1298.7479248
430, 602, 273.727233887, -2445.19311523, 400.876098633, -2924.63842773, 1480.74743652
430, 623, -283.942993164, -2480.6887207, -251.698623657, -2444.92358398, 1380.95336914
430, 589, 1003.73760986, -3174.26318359, 1080.71838379, -3174.09643555, 1439.49609375
430, 609, -696.110717773, -2588.53076172, -798.787658691, -2553.19067383, 1255.15783691
430, 607, -23.0623760223, 2956.94482422, 145.172668457, 2956.57006836, 1414.66809082
430, 585, -271.729797363, -5527.11523438, -303.264465332, -5527.05566406, 1362.93664551
430, 610, 877.354797363, 2958.18896484, 907.033569336, 2960.08984375, 1374.82678223
431, 585, -440.712188721, -5396.66650391, -345.244384766, -5527.06787109, 1111.00195313
431, 602, 378.411834717, -3052.05249023, 348.004180908, -3021.078125, 1374.03234863
431, 607, 31.8077125549, 2955.67797852, 197.877304077, 2662.609375, 1445.94689941
431, 589, 1117.41333008, -3708.45849609, 1008.81256104, -3021.203125, 1477.12438965
431, 623, -274.717712402, -2726.92602539, -274.904296875, -2726.6496582, 1414.88513184
431, 610, 830.344055176, 2663.69165039, 884.831848145, 2662.79516602, 1457.82104492
431, 609, -759.105895996, -2957.22021484, -762.614562988, -2925.26879883, 1256.93408203
432, 609, -790.260253906, -2959.20996094, -676.958068848, -2990.46264648, 1226.6652832
432, 607, 30.6700344086, 2290.90429688, 190.285934448, 2197.71411133, 1469.60852051
432, 602, 339.734344482, -3521.2746582, 355.33795166, -3205.8046875, 1536.13049316
432, 623, -268.327606201, -2924.97900391, -248.226531982, -3052.03100586, 1324.72668457
433, 607, 109.314956665, 2107.91601563, 215.663345337, 2193.4284668, 1403.52124023
433, 609, -696.107971191, -3438.92431641, -690.394226074, -3493.37451172, 1319.43762207
433, 602, 346.998748779, -3682.73852539, 347.309387207, -3655.68286133, 1469.19140625
433, 610, 820.801513672, 2105.2199707, 972.510681152, 1681.58105469, 1420.3717041
433, 623, -274.849151611, -3175.72949219, -259.979858398, -3175.3034668, 1434.6418457
434, 602, 347.117004395, -3682.29394531, 533.125793457, -4030.02856445, 1467.51916504
434, 607, 29.8229217529, 1761.6171875, 207.768798828, 1761.1472168, 1471.08496094
434, 623, -331.812469482, -3601.64331055, -302.875366211, -3602.42480469, 1474.5793457
434, 610, 779.130126953, 1846.78491211, 839.19317627, 1596.11303711, 1463.72424316
434, 609, -697.277099609, -3575.16821289, -696.805908203, -3575.125, 1240.05822754
434, 639, 1016.20202637, -4409.51513672, 1245.32861328, -3629.91113281, 1306.34594727
435, 639, 1015.48370361, -4410.45507813, 1191.89343262, -4078.08544922, 1418.28320313
435, 607, 3.34879279137, 1434.89147949, 207.351119995, 1599.4342041, 1468.4822998
435, 610, 789.203308105, 1598.85681152, 840.045654297, 1594.76599121, 1417.52624512
435, 602, 517.029541016, -4389.21630859, 339.388458252, -3835.40454102, 1518.15942383
435, 623, -341.902862549, -3958.68310547, -238.04119873, -3381.19873047, 1510.40161133
435, 609, -791.655273438, -3885.59350586, -682.835449219, -3860.78613281, 1337.96862793
436, 602, 414.633026123, -4388.74755859, 528.06463623, -4409.87451172, 1377.20983887
436, 623, -297.823120117, -4029.79370117, -243.688796997, -4031.56274414, 1447.66430664
436, 639, 1002.98944092, -4492.15673828, 1185.8380127, -4998.52050781, 1599.72485352
436, 607, 2.85034918785, 1126.18066406, 148.739257813, 1052.140625, 1410.02893066
436, 609, -848.527770996, -4388.09960938, -791.721984863, -3886.39208984, 1292.17028809
436, 610, 796.838562012, 974.934875488, 797.364196777, 973.724304199, 1495.97570801
437, 623, -295.835021973, -4078.16137695, -240.849243164, -4101.45458984, 1315.78515625
437, 602, 428.813659668, -4875.03662109, 496.9168396, -4472.20849609, 1499.83581543
437, 609, -836.208068848, -4387.54443359, -687.753723145, -4078.33789063, 1273.48596191
437, 639, 1034.89929199, -4451.35742188, 1158.06396484, -5131.56298828, 1538.72741699
437, 607, 3.9890525341, 975.729309082, 122.508705139, 903.005004883, 1443.96838379
438, 623, -338.148864746, -4054.18383789, -218.873703003, -3959.26855469, 1229.4387207
438, 602, 428.480102539, -5032.69921875, 516.105529785, -4552.88330078, 1522.68566895
438, 607, 75.3402938843, 974.578796387, 146.962890625, 899.531188965, 1427.20031738
438, 610, 768.543884277, 900.901184082, 912.499450684, 619.157653809, 1456.90002441
438, 609, -790.261230469, -4728.88769531, -779.733764648, -4709.03662109, 1355.71582031
438, 639, 1028.68347168, -5032.91845703, 1146.56225586, -5132.24023438, 1452.17260742
439, 639, 1095.15917969, -5527.15771484, 1336.60437012, -5527.19335938, 1345.97546387
439, 602, 519.129699707, -5397.29345703, 443.408752441, -5132.53417969, 1561.74353027
439, 623, -308.029327393, -4857.72998047, -218.335220337, -4709.66503906, 1485.55419922
439, 607, 3.18001866341, 829.338317871, 74.1597900391, 758.017944336, 1418.92614746
439, 609, -954.688781738, -4367.11035156, -762.504394531, -5015.57128906, 1347.31677246
440, 602, 393.459411621, -5196.7265625, 578.432434082, -5441.13037109, 1380.41101074
440, 623, -317.506530762, -5291.25927734, -253.926895142, -4728.47265625, 1538.63415527
440, 639, 1179.19555664, -5527.12451172, 1347.67224121, -5527.17578125, 1219.35351563
440, 607, -19.2964248657, 218.057678223, 3.87478351593, -30.5966930389, 1454.00073242
440, 609, -932.666870117, -4963.61035156, -785.502441406, -5015.48095703, 1274.1730957
441, 607, -19.1353359222, -95.1079101563, 3.65349316597, -152.745620728, 1466.41320801
441, 623, -335.455596924, -5351.72949219, -230.663528442, -5260.51513672, 1376.32702637
441, 609, -901.127624512, -5351.984375, -882.153259277, -5336.64648438, 1229.95532227
441, 610, 839.210449219, -271.172637939, 843.93927002, -215.278808594, 1517.59326172
442, 607, 2.20811700821, -154.974502563, 2.76803445816, -213.85496521, 1482.53930664
442, 623, -296.413543701, -5275.20996094, -262.097412109, -5306.32568359, 1235.63549805
442, 610, 816.1796875, -558.063293457, 815.776489258, -556.873718262, 1556.77294922
443, 607, -17.4725532532, -501.164245605, 126.791297913, -665.954833984, 1458.78295898
443, 610, 821.265197754, -501.886657715, 821.326843262, -501.052001953, 1533.81811523
443, 623, -334.780029297, -5526.91894531, -229.761672974, -5526.95019531, 1190.56616211
443, 609, -1029.15612793, -5527.13134766, -871.146728516, -5527.23095703, 1017.40679932
444, 610, 941.311340332, -978.712341309, 802.514404297, -721.242614746, 1457.34399414
444, 607, -17.4990005493, -556.304626465, 85.737701416, -611.25390625, 1405.23449707
445, 610, 776.633422852, -1033.96069336, 776.774475098, -1032.3170166, 1472.94921875
445, 607, -17.7516670227, -879.029663086, 82.6834335327, -979.496643066, 1409.43945313
446, 607, 2.33381843567, -1598.1875, 2.2312309742, -1465.02832031, 1493.50415039
446, 610, 750.411315918, -1368.86450195, 753.167663574, -1324.13232422, 1452.92822266
447, 607, 21.4060077667, -1599.46289063, -15.1334590912, -1728.86352539, 1537.70043945
447, 610, 728.622314453, -1642.89440918, 727.811401367, -1642.98864746, 1496.82519531
448, 607, 148.786468506, -1773.94213867, 94.4873962402, -1771.82507324, 1506.96594238
448, 610, 715.156555176, -2023.03039551, 715.003601074, -2022.01953125, 1539.05664063
449, 607, 56.5889892578, -1941.07336426, 2.18404650688, -2023.0748291, 1488.15808105
449, 610, 834.53692627, -2063.41967773, 708.1015625, -2104.02612305, 1514.8458252
450, 610, 808.440612793, -2517.63085938, 689.221496582, -2332.4597168, 1566.47290039
450, 607, 2.69079613686, -2408.56079102, 3.26642942429, -2061.58911133, 1544.71386719
451, 610, 779.810852051, -2794.17773438, 700.11114502, -2408.43310547, 1525.8795166
451, 607, -127.786117554, -2760.08300781, 19.8053779602, -2445.23339844, 1523.26831055
452, 607, -108.460601807, -2957.95898438, 3.21930265427, -2481.13037109, 1510.57739258
452, 610, 659.129760742, -2693.88476563, 773.014831543, -2860.21606445, 1510.0513916
453, 607, -14.1062364578, -2956.74365234, -107.782165527, -2990.14428711, 1468.84082031
453, 610, 726.580749512, -3173.96337891, 710.28704834, -3175.26806641, 1577.78930664
454, 607, -29.0356502533, -3173.93261719, 102.355819702, -3656.32958984, 1533.39025879
454, 610, 704.59173584, -3548.13354492, 702.225585938, -3575.80078125, 1589.25891113
455, 607, -44.4507331848, -3145.4284668, 102.046447754, -3657.0769043, 1478.3918457
455, 610, 708.51373291, -3655.02099609, 784.209716797, -3351.96362305, 1512.38916016
456, 610, 694.216064453, -3657.20288086, 845.066833496, -4147.05566406, 1589.84228516
456, 607, -66.508392334, -4007.37402344, 58.2188339233, -3835.21777344, 1530.15515137
