0, 0, -775.504333496, 12976.2910156, -664.625793457, 14271.6416016, 1604.06958008
0, 1, -509.106933594, 5917.71044922, -341.497009277, 6064.33789063, 1394.90222168
0, 2, 1268.37353516, 15704.1533203, 1268.2767334, 15697.0566406, 1383.56237793
0, 4, -1567.17468262, 2661.60180664, -1483.17700195, 3164.59594727, 1680.77832031
1, 1, -508.664031982, 5906.63720703, -338.613433838, 5915.04541016, 1501.5123291
1, 2, 1267.6776123, 15728.0117188, 1269.20385742, 15723.1347656, 1435.94055176
2, 1, -518.721191406, 5200.08056641, -450.970489502, 5062.82421875, 2051.89672852
2, 2, 1269.88439941, 15729.0585938, 1269.56591797, 15713.1660156, 1350.01794434
3, 1, -511.406494141, 4927.33203125, -505.663543701, 4793.40332031, 1569.79675293
3, 6, -55.1904792786, 19652.7304688, -54.1503257751, 19657.7402344, 1346.36706543
3, 12, 1286.10913086, 16101.8203125, 1268.98937988, 15728.8564453, 1403.16821289
4, 1, -540.13092041, 4798.4609375, -507.049316406, 4794.29052734, 1569.79675293
4, 13, -1650.86413574, 3375.85766602, -1512.13415527, 3705.13525391, 1738.34960938
4, 14, -56.2075881958, 20680.203125, -53.6552467346, 20165.5058594, 1126.39123535
5, 1, -552.266052246, 4291.72412109, -521.030395508, 4289.40185547, 1458.84057617
5, 0, -50.7727737427, 19178.2480469, -51.5689468384, 19171.0117188, 1354.96118164
5, 16, 1325.22460938, 18224.328125, 1383.6348877, 18206.9746094, 1346.69641113
5, 13, -1613.11743164, 3063.37988281, -1534.61303711, 3375.98925781, 1741.06884766
6, 1, -598.980773926, 3932.99926758, -478.999694824, 3938.47583008, 1493.28137207
6, 0, -52.9725723267, 18672.0234375, -52.8130912781, 17758.875, 1271.98425293
6, 13, -1613.79223633, 3059.96142578, -1517.21484375, 3482.65649414, 1797.56665039
7, 1, -534.341918945, 3815.1328125, -502.163543701, 3705.28930664, 1553.75964355
7, 18, -52.6256790161, 19147.6953125, -52.7815666199, 18687.3945313, 1196.49267578
7, 13, -1617.97399902, 3595.4609375, -1494.97827148, 3817.84667969, 1736.45471191
8, 1, -657.686645508, 3269.72753906, -643.422363281, 2963.39086914, 1534.53173828
8, 19, -601.304077148, 10275.1220703, -410.297424316, 9354.32617188, 1567.69091797
8, 13, -1615.16162109, 3064.56201172, -1511.23913574, 3703.06079102, 1854.26525879
9, 1, -698.974975586, 3484.12597656, -676.890686035, 3059.77587891, 1462.90002441
9, 19, -689.635742188, 10276.6074219, -568.997680664, 9138.31933594, 1529.43188477
9, 18, 3.35757088661, 19165.6972656, -50.0210800171, 18669.4707031, 1303.09020996
9, 13, -1625.13574219, 3165.55566406, -1563.62072754, 3375.13061523, 1568.57910156
10, 1, -827.866638184, 2759.50610352, -663.319335938, 2760.98852539, 1531.43139648
10, 19, -650.25201416, 9144.86425781, -486.88394165, 9139.0625, 1564.1027832
10, 0, -50.1454315186, 18682.3164063, -51.561000824, 18686.5214844, 1329.6315918
11, 0, -49.6275863647, 15333.7441406, -45.5095672607, 15330.5732422, 1568.00354004
11, 19, -676.523742676, 8719.43261719, -661.851318359, 8314.75683594, 1527.75292969
11, 1, -826.199951172, 2288.30761719, -643.478271484, 2956.0456543, 1509.81811523
11, 24, 942.115539551, 19160.0175781, 942.504455566, 19168.1113281, 2074.57397461
12, 1, -825.247009277, 2284.0871582, -661.95489502, 2198.63671875, 1557.08410645
12, 19, -708.943847656, 8513.48046875, -649.933410645, 7931.62841797, 1552.92614746
12, 18, -46.7250022888, 15716.1679688, -47.8101539612, 15709.9091797, 1414.39306641
13, 1, -822.430725098, 1844.97607422, -796.375976563, 1432.0625, 1570.31799316
13, 19, -719.579345703, 7747.83056641, -636.61730957, 7566.11962891, 1552.92614746
13, 25, -47.6359634399, 15353.0234375, -48.1476287842, 15345.4248047, 1446.0703125
14, 1, -832.984313965, 1594.86291504, -791.754516602, 1355.19909668, 1547.8503418
14, 19, -787.621520996, 7561.28662109, -632.065002441, 7391.15673828, 1512.91503906
14, 26, -46.3746147156, 15324.0185547, -47.2277908325, 15325.4931641, 2084.70922852
15, 19, -780.112304688, 7392.43017578, -636.422485352, 7560.69140625, 1538.08251953
15, 1, -897.950439453, 1126.10241699, -786.973815918, 1276.65332031, 1559.29382324
15, 25, -43.081829071, 14273.8925781, -42.3134994507, 14270.4140625, 1555.56054688
16, 19, -756.978393555, 6864.94433594, -653.642089844, 7034.80126953, 1625.92529297
16, 1, -888.470214844, 417.925933838, -789.464294434, 974.426269531, 1513.95336914
16, 25, -41.6424369812, 13613.4150391, 3.21592617035, 13297.4638672, 1551.61206055
17, 1, -866.118591309, 418.038848877, -750.72644043, 757.530639648, 1523.1998291
17, 19, -832.365844727, 6222.13134766, -624.414611816, 6218.86914063, 1626.97265625
18, 29, -41.2293319702, 12674.0449219, 8.23821258545, 12379.9726563, 1785.5760498
18, 1, -801.095825195, 154.996109009, -794.546264648, -214.676452637, 1613.89489746
18, 19, -827.930480957, 6070.29980469, -618.156860352, 6065.53564453, 1648.96789551
19, 19, -813.036071777, 5765.80761719, -612.532836914, 5914.79248047, 1558.97705078
19, 1, -825.330749512, -93.3268356323, -819.21673584, -444.56137085, 1522.74133301
19, 29, -40.95154953, 12677.6992188, 9.17439079285, 12390.1611328, 1710.16271973
20, 19, -846.307983398, 5758.76611328, -607.39453125, 5766.81884766, 1609.13452148
20, 1, -891.794921875, -95.414352417, -849.074157715, -329.762359619, 1523.08935547
20, 29, 5.33322238922, 12381.1933594, 54.0714988708, 12102.2246094, 1646.87927246
21, 19, -794.838623047, 4799.77539063, -603.266113281, 4798.06640625, 1650.83312988
21, 29, 54.25831604, 12095.3349609, 289.112213135, 12100.2587891, 1718.16625977
21, 1, -871.284118652, -1033.32531738, -810.281555176, -558.007141113, 1544.59606934
22, 19, -787.739257813, 4667.13867188, -723.652526855, 4666.07958984, 1644.26843262
22, 29, 53.2479553223, 11278.1455078, 276.335083008, 11028.5957031, 1538.65637207
22, 1, -830.018554688, -1276.70410156, -781.102478027, -666.22442627, 1549.64245605
23, 1, -833.81237793, -1228.47753906, -749.529968262, -1771.88525391, 1587.2512207
23, 19, -801.010009766, 4292.18212891, -694.771484375, 4055.77368164, 1644.26843262
23, 29, 8.79093933105, 10771.5664063, 227.990982056, 10767.3173828, 1545.7980957
24, 19, -863.910644531, 3819.63818359, -721.0625, 3940.64819336, 1608.05725098
24, 1, -839.649963379, -1774.51623535, -846.968078613, -2064.19897461, 1540.27954102
24, 29, -36.1748809814, 10037.2285156, 135.201141357, 10033.3359375, 1730.16125488
25, 29, -35.9572143555, 9807.90820313, 178.150466919, 10038.5478516, 1691.26086426
25, 1, -922.557189941, -1687.37145996, -844.218322754, -2101.63427734, 1517.98400879
25, 19, -769.076843262, 3704.90209961, -660.33001709, 3937.34863281, 1582.32385254
26, 29, -36.6909790039, 10032.9335938, 50.4603881836, 10039.7119141, 1709.40002441
26, 1, -950.116271973, -2692.15771484, -844.51751709, -2103.58740234, 1552.84851074
26, 19, -768.387329102, 3164.15332031, -675.877502441, 3057.11352539, 1661.22009277
27, 19, -784.352844238, 2956.50390625, -674.442871094, 2474.14086914, 1682.72070313
27, 1, -937.339904785, -2926.15625, -835.91986084, -2181.52148438, 1522.73608398
27, 29, -35.9127349854, 8929.56542969, -32.7317314148, 8930.25488281, 1673.79943848
27, 31, -1601.35742188, 2955.18115234, -1572.04614258, 2959.87426758, 1827.42041016
28, 1, -937.492980957, -2924.33325195, -876.680603027, -3294.77807617, 1588.61206055
28, 19, -876.106567383, 2660.53857422, -643.856384277, 2381.67431641, 1681.31774902
28, 29, -196.843917847, 8922.93457031, -34.9940986633, 8936.14160156, 1698.89916992
29, 19, -841.826416016, 2105.56323242, -639.193481445, 2287.5769043, 1630.7824707
29, 29, -275.075775146, 8713.54296875, -35.4376754761, 8723.75683594, 1755.32226563
29, 1, -917.434692383, -2958.59204102, -988.190673828, -3682.39453125, 1534.55358887
30, 19, -806.745300293, 1599.29394531, -633.401245117, 2196.79956055, 1633.78723145
30, 1, -1013.81280518, -3294.43823242, -1012.77331543, -3708.52612305, 1496.81469727
30, 29, -344.736328125, 8122.28808594, -72.6550140381, 8318.81054688, 1775.91137695
31, 19, -807.203979492, 1593.5255127, -625.66607666, 1514.58789063, 1676.07409668
31, 29, -339.20211792, 7936.01171875, -150.006866455, 8120.18652344, 1776.5098877
31, 1, -1155.3885498, -4258.95898438, -1013.03265381, -3708.84790039, 1550.39086914
32, 19, -805.310852051, 2381.66577148, -531.240478516, 2958.66259766, 1721.88366699
32, 32, 320.338287354, -3628.48461914, 206.33102417, -4006.81176758, 1436.34423828
32, 33, 1025.10620117, -3655.6706543, 850.156066895, -4213.54345703, 1398.31286621
32, 34, -686.076904297, -3681.72143555, -616.202575684, -2957.60791016, 1645.22973633
33, 34, -678.567016602, -3760.23022461, -532.814453125, -3438.41894531, 1601.43249512
33, 33, 1013.86859131, -3630.21972656, 927.194702148, -3520.61108398, 1346.1003418
33, 19, -787.249755859, 2103.67016602, -582.77331543, 2857.57080078, 1792.7644043
33, 32, 319.374664307, -3323.54370117, 203.172119141, -3682.14282227, 1450.43286133
34, 34, -657.710632324, -3835.45776367, -471.741210938, -4258.86376953, 1635.20471191
34, 33, 1014.25518799, -3628.16601563, 880.178771973, -3052.09423828, 1389.26379395
34, 19, -786.611755371, 1680.02038574, -633.139282227, 1681.4465332, 1820.7598877
34, 32, 302.828491211, -3352.09765625, 218.9659729, -3145.51098633, 1426.00952148
35, 33, 1067.3503418, -3052.89233398, 898.591796875, -3021.4831543, 1360.81835938
35, 19, -712.734802246, 904.12286377, -645.394592285, 976.850402832, 1778.52783203
35, 32, 324.250915527, -3206.99658203, 232.160736084, -2691.82763672, 1436.53442383
36, 19, -792.252197266, 348.268554688, -618.77166748, 904.842285156, 1839.7019043
36, 34, -598.104736328, -5336.66259766, -487.835479736, -4690.25, 1615.9822998
36, 32, 310.023284912, -2370.84765625, 232.088745117, -2690.8815918, 1459.89660645
36, 33, 896.588684082, -2760.75, 894.278991699, -2924.33325195, 1402.69543457
37, 34, -554.567565918, -5440.99707031, -381.67401123, -5164.67822266, 1485.34423828
37, 19, -717.424499512, -93.908493042, -613.82989502, 827.994445801, 1811.15808105
37, 32, 302.35369873, -2101.25415039, 246.224914551, -2219.68823242, 1452.58398438
37, 33, 993.022155762, -2371.95678711, 907.126831055, -2220.47705078, 1375.11560059
38, 33, 980.624694824, -2334.16308594, 849.249267578, -1731.02514648, 1391.07885742
38, 34, -534.577026367, -5527.12646484, -419.198120117, -5527.28369141, 1304.34118652
38, 32, 304.054260254, -2062.28955078, 258.657714844, -1773.71850586, 1445.33166504
38, 19, -718.147705078, -95.348739624, -586.087341309, -90.4203948975, 1811.52270508
39, 32, 329.26852417, -1858.17004395, 270.72479248, -1372.40393066, 1458.74414063
39, 19, -725.667419434, -271.975585938, -612.663696289, -1030.97851563, 1833.17138672
39, 33, 1019.15814209, -1687.09118652, 853.580993652, -1686.38513184, 1359.08666992
40, 19, -727.409301758, -557.057373047, -590.351806641, -1080.76416016, 1793.4666748
40, 32, 347.665527344, -1369.24816895, 271.987701416, -1323.23242188, 1406.77612305
40, 33, 941.390686035, -1369.6262207, 853.024841309, -1686.77490234, 1382.74926758
41, 33, 931.26159668, -1277.10314941, 841.424194336, -1415.73681641, 1414.20141602
41, 19, -710.701843262, -1554.69165039, -589.727233887, -1080.91540527, 1803.43530273
41, 32, 382.437347412, -979.276611328, 272.792724609, -1322.63928223, 1450.79284668
42, 32, 331.611938477, -719.711730957, 291.008514404, -668.205505371, 1443.00256348
42, 33, 956.039123535, -1034.36572266, 808.15032959, -666.405395508, 1353.37145996
42, 19, -618.213439941, -2061.22875977, -506.509338379, -1180.53039551, 1795.86962891
43, 33, 956.098876953, -1031.30627441, 820.015136719, -500.239135742, 1419.46496582
43, 32, 335.943237305, -612.838867188, 212.727203369, -500.270782471, 1415.40441895
43, 19, -649.84954834, -2103.24609375, -461.063323975, -2022.24914551, 1763.6159668
44, 33, 989.698730469, -272.518035889, 799.844360352, -500.942962646, 1359.2668457
44, 19, -664.025878906, -2143.31835938, -510.281860352, -2891.98242188, 1760.28967285
44, 32, 338.985595703, -499.963684082, 177.339248657, -91.7100219727, 1460.95495605
45, 32, 313.957550049, 91.7121429443, 178.132904053, -30.5041179657, 1430.74890137
45, 33, 870.794372559, -154.940673828, 819.555419922, -500.278503418, 1394.0748291
45, 19, -700.182800293, -2333.67675781, -507.410461426, -2924.625, 1738.92797852
46, 32, 227.677658081, 218.829956055, 157.935958862, 30.8754901886, 1438.54907227
46, 19, -612.840515137, -3381.16235352, -503.620727539, -2989.77490234, 1781.32104492
46, 33, 951.986206055, 29.1141643524, 874.583557129, 153.701766968, 1388.9552002
47, 32, 190.561584473, 619.55267334, 142.987319946, 619.760559082, 1453.64440918
47, 19, -585.369995117, -3860.88208008, -501.094268799, -3020.77148438, 1780.49890137
47, 33, 941.047607422, 155.894058228, 787.332763672, 829.687194824, 1405.73266602
48, 33, 1028.63195801, 620.110229492, 857.705566406, 827.673828125, 1350.44360352
48, 32, 192.203521729, 757.60736084, 51.1588478088, 973.388671875, 1448.82556152
48, 19, -579.049865723, -3934.6418457, -461.321624756, -3629.65161133, 1734.02832031
49, 19, -557.39074707, -4030.74511719, -470.227294922, -4612.48925781, 1798.71203613
49, 33, 957.904418945, 1199.03942871, 821.199401855, 974.452453613, 1393.82849121
49, 32, 197.277832031, 1050.49389648, 4.90373134613, 1199.79711914, 1444.12243652
50, 19, -658.172302246, -4101.5859375, -477.992462158, -4820.80810547, 1765.72216797
50, 33, 898.224853516, 1051.32958984, 826.392700195, 1050.96972656, 1402.36779785
50, 32, 178.638565063, 1518.2142334, 4.67226982117, 1512.61987305, 1441.51879883
51, 19, -640.979614258, -4963.62548828, -487.454223633, -4839.23974609, 1737.67834473
51, 32, 181.962371826, 1763.11853027, 3.17437934875, 1433.01721191, 1486.63122559
51, 33, 958.527038574, 1513.02856445, 859.478149414, 1516.83068848, 1438.09521484
51, 36, -1572.88000488, 2958.82885742, -1585.59228516, 3059.37768555, 1868.40771484
52, 19, -587.550048828, -5527.03710938, -473.222320557, -4874.92236328, 1649.41650391
52, 33, 966.488769531, 1593.85876465, 789.554016113, 2019.06677246, 1402.30444336
52, 32, 189.298751831, 2192.71899414, 5.19742393494, 2106.92749023, 1448.26745605
52, 36, -1565.97949219, 2661.46362305, -1567.2755127, 2662.83666992, 1924.67712402
53, 33, 953.336120605, 2105.27929688, 769.016601563, 2107.87817383, 1373.56970215
53, 32, 189.559570313, 2192.55541992, 30.4843978882, 2287.02075195, 1487.57287598
53, 19, -597.492797852, -5527.10400391, -434.196380615, -5337.10839844, 1490.21203613
53, 36, -1583.84143066, 3062.11645508, -1613.37304688, 3062.93188477, 1797.56665039
54, 33, 840.854858398, 2378.26708984, 775.151794434, 2200.15820313, 1360.45654297
54, 32, 195.159683228, 2565.57397461, 5.15202236176, 2759.30493164, 1474.57800293
54, 36, -1556.50036621, 3061.51147461, -1654.16162109, 3163.55737305, 1798.09362793
55, 33, 858.774291992, 2663.81005859, 802.551635742, 2661.90673828, 1397.03466797
55, 32, 202.030822754, 3057.42895508, 5.22434711456, 2859.83691406, 1436.71630859
55, 36, -1581.15380859, 3271.81567383, -1540.97692871, 3703.73046875, 1530.12158203
56, 33, 898.198852539, 2860.62036133, 736.96484375, 2956.05957031, 1428.35241699
56, 32, 173.84992981, 3057.54833984, 4.0680308342, 2954.13061523, 1436.63659668
57, 33, 912.223144531, 3062.62841797, 719.066345215, 3168.3972168, 1359.14770508
57, 32, 180.490585327, 3592.44750977, 3.53551435471, 3591.48461914, 1491.47497559
58, 32, 179.767379761, 3593.43115234, -25.5224018097, 3818.02954102, 1518.63806152
58, 33, 918.745544434, 3594.85083008, 736.02746582, 3485.1081543, 1379.09509277
59, 32, 186.09538269, 4049.57275391, -25.4950218201, 4052.24487305, 1428.17993164
59, 33, 910.72857666, 3933.59594727, 783.481933594, 3822.0534668, 1333.48254395
59, 39, -1471.64709473, 3594.49121094, -1664.28259277, 3485.35449219, 1769.16394043
60, 32, 160.861923218, 4414.92529297, -25.5486030579, 4053.20751953, 1456.80859375
60, 33, 940.452819824, 3937.97363281, 760.00604248, 3937.16943359, 1356.12866211
61, 32, 131.512252808, 4661.06542969, -26.6607017517, 4169.45507813, 1456.80859375
61, 33, 954.017333984, 4170.7578125, 759.825012207, 4535.57226563, 1395.20446777
61, 39, -1529.47387695, 3594.46337891, -1676.65539551, 3594.68896484, 1708.91381836
62, 32, 165.567398071, 4921.85791016, -27.6306686401, 4923.14550781, 1417.94372559
62, 33, 964.005981445, 4792.99560547, 804.48236084, 4794.14306641, 1359.92321777
63, 32, 70.0553436279, 4928.08837891, -27.2627220154, 4934.0703125, 1417.94372559
63, 33, 971.608947754, 4932.58496094, 779.962890625, 4922.37353516, 1321.46655273
63, 39, -1580.67553711, 3269.73266602, -1593.23303223, 3376.36621094, 1756.2800293
64, 32, 39.3934059143, 5473.59960938, -28.7380027771, 5617.65332031, 1524.32092285
64, 33, 1014.46691895, 5616.20019531, 800.106323242, 5335.98779297, 1313.84887695
65, 32, 175.791931152, 5907.45605469, -28.5984077454, 5765.05957031, 1452.1796875
65, 33, 981.726745605, 5614.58837891, 805.979125977, 5475.68798828, 1407.80712891
65, 39, -1568.796875, 3166.59350586, -1610.26647949, 3270.71655273, 1755.77270508
66, 32, 74.1556015015, 5917.35546875, -28.3116054535, 5908.75, 1426.28100586
66, 33, 923.547973633, 5766.45703125, 795.072509766, 5908.59326172, 1343.78918457
66, 39, -1583.9342041, 3059.55371094, -1613.47192383, 3062.46386719, 1841.63049316
67, 32, 75.7995376587, 6221.81445313, -29.0212955475, 6373.67236328, 1401.01269531
67, 33, 845.952209473, 6217.41992188, 808.981079102, 6222.29638672, 1361.32458496
67, 39, -1584.45849609, 3064.75561523, -1597.56335449, 3164.53613281, 1797.56665039
68, 41, 867.95904541, 6696.13378906, 826.198181152, 6538.94677734, 1344.01794434
68, 32, 40.3831481934, 6374.03076172, 3.41675209999, 6376.50195313, 1434.12670898
68, 39, -1584.39282227, 3064.53930664, -1597.13879395, 3166.44360352, 1783.46704102
69, 33, 41.2377586365, 7029.06787109, -31.142572403, 7037.70947266, 1530.37121582
69, 41, 885.946655273, 7027.46289063, 855.058410645, 7196.65722656, 1354.9720459
69, 39, -1568.23217773, 3166.8503418, -1637.46875, 3269.63964844, 1783.98986816
70, 33, 43.2353515625, 7200.81152344, 3.28530693054, 7204.84960938, 1469.55456543
70, 41, 884.774536133, 7037.38037109, 854.637939453, 7204.48632813, 1333.44494629
70, 39, -1567.52307129, 3163.0871582, -1626.64465332, 3166.42675781, 1811.29199219
71, 33, 6.74262666702, 7213.37304688, -31.3992443085, 7379.65771484, 1479.14758301
71, 41, 893.088317871, 7204.48828125, 854.31262207, 7208.04199219, 1320.09716797
72, 32, 44.2131004333, 7390.38183594, -31.087064743, 7394.26416016, 1496.25097656
72, 41, 873.984191895, 7570.97802734, 834.857116699, 7568.55371094, 1361.05090332
72, 39, -1556.61853027, 3061.02099609, -1585.48474121, 3061.85302734, 1827.95788574
73, 32, 6.92808771133, 7746.84960938, 3.31406378746, 7750.54785156, 1472.02514648
73, 41, 881.62890625, 7746.56738281, 842.53338623, 7745.49121094, 1325.23376465
73, 39, -1534.89404297, 3376.80297852, -1593.1151123, 3376.17578125, 1769.16394043
74, 32, 45.387714386, 8315.44433594, 3.05641436577, 8512.04394531, 1489.3515625
74, 43, 901.435668945, 8124.53369141, 791.801391602, 8313.828125, 1436.28259277
74, 39, -1556.33215332, 3062.18359375, -1613.39331055, 3059.02099609, 1814.75549316
75, 32, 46.7435379028, 8712.05859375, 3.08226418495, 8708.16992188, 1418.0098877
75, 43, 919.136535645, 8516.40722656, 760.642333984, 8521.66210938, 1364.90515137
76, 32, 85.821685791, 8721.46386719, -33.8933258057, 8713.68261719, 1394.76806641
76, 45, 929.351928711, 8726.47851563, 808.565246582, 8726.99414063, 1328.79394531
77, 32, 46.9985237122, 8929.99902344, 3.21251034737, 8926.44824219, 1346.82385254
77, 45, 858.02520752, 8930.46191406, 735.939147949, 8927.20214844, 1303.89379883
77, 39, -1584.24853516, 3061.18774414, -1584.95068359, 3063.66113281, 1824.55712891
78, 32, 46.4193992615, 9148.47167969, 4.81156587601, 9353.69238281, 1317.08081055
78, 45, 655.580505371, 8942.88476563, 826.233520508, 9136.85839844, 1317.78894043
79, 32, 50.2726325989, 9801.70898438, 5.94164514542, 9805.38476563, 1417.72802734
79, 45, 628.352294922, 9357.07519531, 636.986938477, 9575.84375, 1291.70874023
79, 39, -1572.27490234, 2960.37744141, -1557.09118652, 3061.47949219, 1814.22314453
80, 32, 49.0727958679, 10030.9951172, 5.46772861481, 9808.91308594, 1373.38928223
80, 45, 642.350708008, 9802.66992188, 652.227661133, 10038.6269531, 1292.15014648
80, 39, -1538.23120117, 2663.72753906, -1560.1484375, 2380.36035156, 1937.14733887
81, 32, 49.54296875, 10035.0800781, 5.64486312866, 10034.6757813, 1388.18029785
81, 45, 612.733520508, 10270.90625, 657.896789551, 10274.2792969, 1279.97045898
82, 32, 494.69921875, 10754.5556641, 8.92042922974, 10525.8662109, 750.318847656
85, 56, 678.657531738, 11014.5654297, 678.331665039, 11014.3388672, 1222.7298584
86, 32, 54.7140884399, 11541.8046875, 7.41103172302, 11283.7285156, 1444.62475586
87, 32, 56.796245575, 12665.21875, 9.85229301453, 12667.4375, 1329.31652832
88, 45, 56.5054168701, 12384.0117188, 10.1812314987, 12383.9599609, 1357.83166504
89, 45, 10.3583955765, 13291.9814453, 9.32714653015, 13285.2802734, 1186.49267578
90, 45, 57.5829391479, 13286.3701172, 10.6825885773, 12997.3623047, 1050.17456055
92, 45, 304.460235596, 13290.6582031, 58.9417190552, 13289.9921875, 1201.55102539
93, 45, 262.963348389, 13943.96875, 208.39781189, 13613.8320313, 1114.44262695
94, 45, 114.459205627, 15325.3173828, 62.0392951965, 14973.0107422, 1062.09301758
95, 75, 115.850311279, 14964.5703125, 112.750419617, 14278.9443359, 1097.47619629
97, 75, 62.7489891052, 15718.0488281, 12.7951993942, 15718.2822266, 994.494445801
97, 80, -1613.58691406, 3058.62670898, -1568.19238281, 3163.46240234, 1810.52331543
98, 79, 12.497385025, 15720.21875, 12.020116806, 15715.7783203, 1046.83630371
99, 48, -1600.36096191, 2956.85766602, -1556.48181152, 3062.54101563, 1922.35668945
101, 48, -1586.3482666, 2378.16552734, -1516.75463867, 2957.29980469, 1924.09118652
102, 48, -1609.65234375, 2565.84936523, -1561.49157715, 2859.32885742, 2012.53918457
103, 48, -1594.42285156, 2661.53955078, -1561.51208496, 2860.10302734, 1924.7911377
104, 48, -1583.1550293, 2566.59887695, -1545.00854492, 2957.84326172, 1937.72644043
105, 48, -1590.48596191, 2857.19018555, -1545.76062012, 2961.453125, 1937.72644043
107, 48, -1582.96582031, 2566.47827148, -1545.24328613, 2957.84667969, 1987.9107666
108, 48, -1589.07043457, 2858.09008789, -1528.56628418, 3060.31347656, 1921.82531738
109, 48, -1556.06469727, 2565.91943359, -1533.43286133, 2858.6418457, 1963.15588379
110, 48, -1578.15185547, 2758.4440918, -1500.27990723, 3061.90991211, 1937.72644043
111, 48, -1589.78771973, 2857.66259766, -1528.7512207, 3063.1862793, 1925.36645508
112, 48, -1593.57788086, 2661.69311523, -1528.5, 3060.30493164, 1937.72644043
113, 48, -1594.35839844, 2661.09619141, -1545.02685547, 2960.18164063, 1925.36645508
114, 48, -1589.55285645, 2856.83227539, -1528.53637695, 3062.5324707, 1924.7911377
115, 48, -1582.36584473, 2566.80541992, -1545.0078125, 2959.61352539, 1926.5411377
118, 48, -1559.93249512, 2380.44995117, -1549.50268555, 2759.93457031, 1949.92443848
119, 48, -1602.87609863, 2288.06152344, -1545.40185547, 2958.19238281, 2011.82727051
121, 48, -1650.37182617, 1847.06030273, -1538.14331055, 2194.54052734, 2036.7310791
122, 48, -1602.52148438, 2286.9543457, -1544.0859375, 2471.52368164, 2000.07275391
123, 48, -1617.45117188, 2194.07324219, -1522.92199707, 2285.98120117, 2015.1270752
124, 48, -1602.34680176, 2286.07055664, -1543.54956055, 2470.79272461, 2038.75952148
125, 48, -1632.3951416, 2106.07714844, -1522.87915039, 2288.29931641, 2053.26489258
126, 48, -1571.66271973, 2472.64770508, -1539.38366699, 2662.83422852, 1895.39672852
128, 48, -1594.19836426, 2662.31665039, -1562.03125, 2857.31274414, 1895.39672852
129, 48, -1598.109375, 2470.90942383, -1566.05114746, 2662.27856445, 1950.73474121
130, 48, -1602.03833008, 2285.05224609, -1533.72473145, 2379.08813477, 1950.33898926
131, 48, -1600.5057373, 2955.96166992, -1545.23400879, 2961.56811523, 1842.40881348
132, 48, -1593.87072754, 2662.62744141, -1544.7902832, 2957.3659668, 1912.87658691
133, 48, -1578.54467773, 2758.34228516, -1560.85900879, 2858.36645508, 1962.5592041
134, 48, -1590.65979004, 2856.28930664, -1545.41748047, 2958.36352539, 1951.91015625
135, 48, -1590.47241211, 2858.85839844, -1545.31152344, 2961.12451172, 1989.98535156
136, 48, -1605.7911377, 2757.90405273, -1572.25646973, 2958.3737793, 1913.46411133
137, 48, -1594.5604248, 2661.18212891, -1544.97094727, 2958.68115234, 1912.296875
138, 48, -1602.29174805, 2958.66699219, -1522.85290527, 3268.51318359, 1842.01782227
139, 48, -1590.72192383, 2859.40332031, -1556.3762207, 3059.64941406, 1871.59228516
140, 48, -1590.69335938, 2857.59277344, -1545.80944824, 2961.56811523, 1910.31555176
141, 48, -1560.42126465, 2379.76171875, -1554.15698242, 2566.03027344, 1933.63500977
143, 48, -1578.42211914, 2759.27099609, -1528.4354248, 3060.59350586, 1925.36645508
144, 48, -1586.71569824, 2377.79663086, -1533.85668945, 2860.22216797, 1976.20751953
146, 48, -1578.66442871, 2758.51733398, -1545.27636719, 2958.49267578, 1937.72644043
147, 48, -1578.9107666, 2758.79199219, -1545.61535645, 2958.20166016, 1681.37194824
148, 48, -1583.01879883, 2566.23876953, -1561.82714844, 2857.8034668, 1937.72644043
149, 48, -1628.83825684, 2286.41186523, -1550.63586426, 2761.08569336, 2041.40844727
150, 48, -1593.81994629, 2661.75317383, -1572.37915039, 2957.87915039, 1949.92443848
151, 48, -1613.06115723, 3063.37524414, -1517.37426758, 3483.31713867, 1784.6270752
152, 48, -1590.46972656, 2858.54321289, -1528.94946289, 3062.37646484, 1883.93774414
153, 48, -1590.33300781, 2858.14990234, -1556.20910645, 3060.99975586, 1910.31555176
154, 48, -1582.8873291, 2566.12695313, -1544.97497559, 2958.22753906, 1987.9107666
155, 48, -1594.83984375, 2662.48242188, -1545.46813965, 2958.53808594, 2013.75292969
156, 48, -1571.06481934, 2472.07324219, -1533.72912598, 2857.26708984, 1938.90905762
157, 48, -1571.02893066, 2473.33447266, -1533.56481934, 2860.07885742, 1938.90905762
158, 48, -1629.37182617, 2289.46435547, -1534.04052734, 2859.82324219, 2019.56958008
159, 48, -1649.11071777, 2662.87329102, -1511.52001953, 3163.50219727, 1964.94921875
160, 48, -1673.23474121, 2857.94018555, -1511.86328125, 3165.88574219, 1938.3137207
161, 48, -1613.75732422, 2378.5847168, -1561.05432129, 2858.61108398, 1633.66674805
162, 48, -1591.05834961, 2859.09570313, -1556.25085449, 3060.52246094, 1707.00256348
163, 48, -1601.11169434, 2959.42260742, -1539.44494629, 3164.2097168, 1538.48474121
164, 48, -1578.7401123, 2759.4621582, -1544.92407227, 2958.54394531, 1909.63208008
165, 48, -1578.6529541, 2758.35351563, -1544.93273926, 2959.88256836, 1937.14733887
166, 48, -1605.09118652, 2758.40576172, -1556.35351563, 3059.12963867, 1937.72644043
166, 102, -433.683410645, 15730.7724609, -432.166442871, 15728.859375, 1382.03442383
167, 48, -1578.52868652, 2759.26660156, -1545.76306152, 2960.4597168, 1937.72644043
168, 48, -1621.31518555, 2019.1159668, -1522.25598145, 2287.39819336, 2051.86450195
169, 48, -1579.80310059, 2106.33886719, -1512.18188477, 2196.08862305, 2049.85083008
170, 48, -1593.73901367, 2662.2890625, -1545.52050781, 2959.57397461, 1937.72644043
171, 48, -1538.27307129, 2196.32299805, -1495.96044922, 2286.54443359, 2013.75292969
172, 48, -1567.88208008, 2662.54394531, -1560.5447998, 2857.08007813, 1925.36645508
173, 48, -1602.34143066, 2285.9675293, -1543.90966797, 2470.88671875, 2013.75292969
174, 48, -1571.1862793, 2472.29492188, -1539.07775879, 2663.49584961, 1949.92443848
175, 48, -1571.27661133, 2471.84716797, -1549.46594238, 2759.29370117, 1961.9642334
176, 48, -1578.36877441, 2759.09277344, -1545.26928711, 2958.97680664, 1883.93774414
177, 48, -1566.6628418, 2662.64501953, -1544.76342773, 2958.65429688, 1932.50524902
178, 48, -1567.5045166, 2662.79516602, -1561.20544434, 2860.06518555, 1937.14733887
178, 103, -46.0791435242, 12977.3359375, -44.8061714172, 12681.6513672, 1264.09313965
180, 106, -40.834186554, 12677.5205078, -38.8226776123, 12674.5449219, 1332.54614258
180, 48, -1589.6328125, 2856.41064453, -1545.46850586, 2961.58569336, 1880.0201416
181, 106, -39.6141166687, 12383.1894531, -37.868560791, 12386.5585938, 1385.67028809
181, 48, -1594.15820313, 2661.70532227, -1572.54736328, 2957.29980469, 1925.94995117
182, 106, -39.1959114075, 11817.7841797, -37.069683075, 11820.6484375, 1418.20812988
182, 48, -1628.66235352, 2286.86206055, -1551.02197266, 2759.93066406, 1976.80688477
183, 107, -41.6633071899, 11015.0390625, -39.3601112366, 11012.0976563, 1444.65478516
183, 48, -1605.4395752, 2759.5637207, -1572.85534668, 2959.98486328, 1910.31555176
184, 48, -1590.37414551, 2858.45483398, -1556.31408691, 3061.5871582, 1870.92260742
184, 106, -39.4734802246, 10757.2998047, -38.1084213257, 10762.5986328, 1401.88818359
185, 48, -1613.94140625, 2380.05078125, -1545.55200195, 2960.83837891, 1949.3416748
186, 106, -36.0103187561, 10523.3925781, 4.38924121857, 10520.2324219, 1453.88708496
186, 48, -1585.05041504, 3062.02905273, -1487.87780762, 3483.0859375, 1797.56665039
187, 109, -39.3638076782, 10269.109375, 4.63920307159, 10035.5585938, 1583.14196777
187, 48, -1577.57409668, 2760.92333984, -1517.79406738, 2961.67529297, 1879.42590332
188, 109, -39.095035553, 10270.1982422, 4.88172292709, 10037.3798828, 1583.26208496
189, 109, -75.5508575439, 9147.34667969, 4.15374326706, 9147.19921875, 1566.64440918
190, 109, -34.3272438049, 9140.95117188, -32.3355751038, 9139.76367188, 1480.76855469
190, 48, -1575.92407227, 2288.17407227, -1549.78820801, 2758.8347168, 2000.07275391
191, 109, -34.132774353, 8941.06933594, 7.49127626419, 9141.66015625, 1588.88769531
191, 48, -1617.39501953, 2196.09179688, -1559.69055176, 2378.07910156, 1766.54858398
192, 109, -31.702123642, 8719.60058594, 4.31653738022, 8720.8984375, 1515.52392578
193, 109, -33.5624237061, 8314.96777344, -32.1246566772, 8126.92382813, 1569.05627441
194, 109, -111.589744568, 8125.85058594, -33.168888092, 8321.40136719, 1569.06774902
194, 48, -1606.28613281, 2759.84521484, -1572.81872559, 2960.49047852, 1924.11157227
195, 109, -183.59588623, 7561.38232422, -31.3722248077, 7564.17382813, 1515.12194824
195, 48, -1590.31494141, 2859.16259766, -1572.55041504, 2959.82080078, 1924.7911377
196, 109, -144.610641479, 7385.74023438, -32.3283805847, 7387.00683594, 1500.60424805
196, 48, -1606.44580078, 2106.98583984, -1548.2355957, 2285.93603516, 1946.89477539
197, 109, -105.914550781, 7211.66113281, 4.06769227982, 7211.62695313, 1541.89160156
197, 48, -1575.38903809, 2288.27197266, -1517.5802002, 2473.31958008, 1924.58789063
198, 109, -68.0565643311, 7206.25146484, 3.51176929474, 7212.03466797, 1561.85388184
198, 48, -1591.46496582, 2196.85791016, -1517.25793457, 2472.64453125, 2000.07275391
199, 109, -34.3108062744, 7198.69824219, 3.17510461807, 7198.74853516, 1438.19848633
199, 48, -1590.95458984, 2193.80273438, -1521.55505371, 2287.2824707, 2024.99780273
200, 109, -68.1022796631, 6701.04150391, 4.36753368378, 6700.81396484, 1606.00500488
200, 48, -1571.37561035, 2472.65942383, -1533.98742676, 2858.20263672, 1950.515625
201, 109, -65.7096862793, 6217.09570313, 5.24857234955, 6217.53759766, 1523.53637695
201, 48, -1586.95581055, 2378.76586914, -1533.70397949, 2859.73706055, 1950.73474121
202, 109, -30.6557826996, 5911.35058594, 4.81396245956, 5909.19042969, 1484.06970215
202, 48, -1571.56445313, 2472.60864258, -1517.11572266, 2958.87084961, 1949.3416748
203, 109, -29.7205753326, 5913.04296875, 73.7818527222, 5916.70898438, 1464.92211914
203, 48, -1590.43261719, 2857.91577148, -1545.08056641, 2961.99194336, 1922.3001709
204, 109, -29.0522670746, 5472.56542969, 135.564224243, 5196.65625, 1548.34887695
205, 109, -28.3674221039, 4932.28369141, 101.263061523, 4921.31005859, 1597.43615723
206, 109, -27.2660732269, 4924.98291016, 100.681686401, 4798.234375, 1571.15258789
206, 48, -1614.71862793, 3060.73974609, -1552.09436035, 3270.00537109, 1814.22314453
207, 109, 3.46466040611, 4539.10839844, 98.8582077026, 4538.63378906, 1577.12731934
207, 48, -1629.46643066, 2286.96826172, -1556.43164063, 3061.35888672, 1973.61328125
208, 109, 34.8128433228, 4170.45410156, 127.668228149, 4290.57128906, 1504.66296387
208, 48, -1639.28405762, 1762.18505859, -1499.92114258, 3593.38232422, 2023.06103516
209, 109, 64.8756637573, 3928.92260742, 216.758499146, 3929.59082031, 1557.35571289
209, 48, -1602.62854004, 2958.90942383, -1546.44506836, 3482.65161133, 1869.97143555
210, 109, 63.7799377441, 3706.68359375, 241.540512085, 3595.11352539, 1593.5489502
211, 109, 121.022415161, 3484.57666016, 232.061019897, 3064.30541992, 1597.18969727
212, 109, 174.196380615, 3061.13208008, 232.061523438, 3058.22143555, 1629.82836914
213, 109, 115.610206604, 2855.43164063, 226.89906311, 2856.7109375, 1557.55126953
214, 109, 189.520874023, 2284.55395508, 215.67616272, 2197.92358398, 1594.30041504
215, 109, 188.647033691, 2200.03979492, 271.671691895, 2290.16894531, 1563.35314941
216, 109, 163.74357605, 2197.57299805, 267.38104248, 2107.46826172, 1595.64086914
216, 48, -1590.04248047, 2858.77148438, -1499.92260742, 3062.32104492, 1883.27294922
217, 109, 180.249755859, 1598.55456543, 179.894119263, 1513.54394531, 1573.45593262
217, 48, -1613.91491699, 2378.35766602, -1511.24450684, 2662.33349609, 1975.61657715
218, 109, 153.574768066, 1516.19506836, 202.510116577, 1434.89147949, 1563.87414551
218, 48, -1617.52075195, 2856.7109375, -1471.91955566, 3060.48339844, 1909.74511719
219, 109, -20.7444324493, 976.917480469, 177.317108154, 1278.77380371, 1556.43688965
219, 48, -1629.03222656, 2956.52246094, -1454.32592773, 3163.97705078, 1857.84289551
220, 109, -19.3377780914, 757.252197266, 173.472213745, 1048.49890137, 1591.45263672
220, 48, -1629.71838379, 2961.13769531, -1448.32116699, 3374.43554688, 1814.75549316
221, 109, -19.3556480408, 759.444152832, 169.776199341, 904.27532959, 1525.31286621
222, 109, -19.3215045929, 417.640991211, 48.659286499, 351.493255615, 1556.35998535
223, 109, 3.77242445946, 413.806152344, -19.9025020599, -152.109710693, 1626.83886719
223, 48, -1660.59338379, 3705.60961914, -1482.68615723, 3705.43457031, 1458.42822266
224, 109, -174.497253418, 154.90171814, -19.3555965424, -156.201385498, 1541.85693359
225, 109, -288.648010254, -559.056274414, -18.9470329285, -271.123352051, 1577.21289063
226, 109, -198.168945313, -928.512145996, -39.1624183655, -387.398345947, 1563.42211914
227, 109, -196.861404419, -978.972167969, -38.1288070679, -667.056884766, 1540.22229004
228, 109, -217.194961548, -983.143859863, -93.9019622803, -1323.13122559, 1593.34851074
229, 109, -253.802230835, -1081.35900879, -144.833358765, -1731.22302246, 1562.90869141
230, 109, -284.791900635, -1370.27905273, -144.887954712, -1730.24645996, 1518.14855957
231, 109, -299.691436768, -2064.44848633, -144.461700439, -1775.48706055, 1555.63317871
232, 109, -247.059310913, -2587.84277344, -156.297470093, -2103.17504883, 1564.90356445
233, 109, -246.524810791, -2587.23852539, -31.5166721344, -2333.87963867, 1486.37524414
234, 109, -244.603515625, -2658.65649414, -14.228723526, -3052.96948242, 1530.71044922
235, 109, -260.806335449, -2659.27539063, -28.5650234222, -3323.70239258, 1560.93945313
236, 109, -218.821456909, -2989.36083984, -28.2398910522, -3351.81616211, 1501.78491211
237, 109, -151.276062012, -3886.11083984, -57.7584190369, -3410.28735352, 1550.67749023
238, 109, -119.329185486, -4100.67236328, -27.4837989807, -3520.84423828, 1579.65319824
239, 109, -117.559356689, -4192.12109375, 2.41009306908, -4280.73095703, 1528.59069824
240, 109, -117.109550476, -4214.93847656, -23.0173282623, -4727.70214844, 1555.38598633
241, 109, -113.673286438, -4409.80175781, -81.4618682861, -4875.85205078, 1552.07678223
242, 109, -208.692947388, -4963.27929688, -92.4662017822, -4893.26660156, 1469.11669922
243, 109, -234.7109375, -5411.91796875, -91.2518386841, -4980.75, 1541.06835938
243, 111, -1614.59375, 3061.828125, -1568.41943359, 3163.87988281, 1567.64416504
244, 109, -177.859298706, -5527.19628906, -97.3835067749, -5306.51611328, 1337.91235352
244, 111, -1613.24133301, 3061.2878418, -1540.33422852, 3165.13208008, 1609.88037109
245, 111, -1602.35534668, 2958.84985352, -1556.45410156, 3061.20068359, 1627.95825195
246, 111, -1613.5958252, 3060.7043457, -1540.11657715, 3166.5, 1538.48474121
247, 111, -1602.03393555, 2958.33544922, -1539.78625488, 3164.0715332, 1570.84655762
248, 111, -1602.06481934, 2959.14208984, -1488.73010254, 3483.71630859, 1619.77099609
249, 111, -1601.66430664, 2957.51391602, -1522.67407227, 3268.73730469, 1538.48474121
250, 111, -1601.7722168, 2958.75683594, -1488.3145752, 3482.27978516, 1541.62756348
251, 111, -1590.30627441, 2857.14550781, -1556.4152832, 3060.8059082, 1925.36645508
252, 111, -1609.88769531, 1931.19543457, -1522.07580566, 2285.53540039, 1986.77099609
253, 111, -1665.15307617, 1762.1192627, -1527.88134766, 2107.28222656, 2011.42602539
254, 111, -1575.40344238, 2285.46606445, -1527.91455078, 2566.05224609, 2013.14160156
255, 111, -1590.59057617, 2194.9921875, -1532.74914551, 2378.1315918, 2013.14160156
256, 111, -1679.92089844, 1680.21130371, -1595.26940918, 2019.21289063, 1962.06921387
257, 111, -1697.01074219, 2195.85961914, -1545.48962402, 2960.66577148, 2002.36706543
258, 111, -1670.71020508, 2195.13305664, -1560.79345703, 2857.05273438, 2000.07275391
259, 111, -1685.68566895, 2106.89575195, -1555.96765137, 3060.07714844, 2013.75292969
260, 111, -1610.57495117, 2567.38037109, -1528.31298828, 3060.6550293, 1949.92443848
261, 111, -1605.42980957, 2758.31420898, -1544.79052734, 2960.23535156, 1949.92443848
262, 111, -1691.27880859, 1762.12683105, -1528.18310547, 3060.27197266, 2013.14160156
263, 111, -1713.9005127, 1931.2869873, -1545.26184082, 2958.29370117, 1974.90234375
264, 111, -1644.26708984, 2194.87524414, -1533.13305664, 2379.87280273, 2013.14160156
265, 111, -1670.37390137, 2195.33105469, -1539.16760254, 2662.72851563, 2013.14160156
266, 111, -1636.39990234, 1933.14794922, -1543.35888672, 2471.07275391, 2023.77697754
267, 111, -1618.15161133, 2197.04882813, -1560.63977051, 2857.28198242, 1985.17590332
268, 111, -1639.66650391, 1763.53259277, -1538.38244629, 2197.28173828, 2024.99780273
269, 111, -1673.15380859, 2018.73999023, -1550.16162109, 2759.33325195, 2024.38317871
270, 111, -1602.71875, 2287.06176758, -1549.60314941, 2759.69042969, 2013.75292969
271, 111, -1586.24255371, 2377.47363281, -1534.13684082, 2859.19458008, 1989.12536621
272, 111, -1586.56860352, 2377.56103516, -1561.12976074, 2857.88500977, 1999.46582031
274, 111, -1590.33251953, 2857.86230469, -1556.46411133, 3061.52075195, 1951.31835938
275, 111, -1594.19812012, 2662.0793457, -1572.37060547, 2957.77587891, 1924.66625977
276, 111, -1567.68811035, 2663.32202148, -1555.99780273, 3059.83154297, 1937.72644043
278, 111, -1560.49365234, 2378.11889648, -1539.58972168, 2662.83789063, 2015.90270996
279, 111, -1582.0793457, 2565.84838867, -1560.68103027, 2857.45507813, 1949.92443848
280, 111, -1582.05480957, 2565.56958008, -1561.35961914, 2858.38037109, 1937.72644043
281, 111, -1595.54785156, 2019.32568359, -1532.84509277, 2378.91723633, 2024.99780273
282, 111, -1560.83374023, 2378.76171875, -1550.14562988, 2759.18408203, 1987.9107666
283, 111, -1571.87915039, 2472.78295898, -1561.57897949, 2859.60961914, 1937.14733887
284, 111, -1560.85571289, 2379.18725586, -1550.8482666, 2759.22265625, 1949.92443848
285, 111, -1580.18981934, 2106.84472656, -1522.77441406, 2287.15307617, 2024.38317871
287, 111, -1589.89294434, 2857.98706055, -1499.57287598, 3591.65039063, 1911.05029297
288, 111, -1593.77978516, 2661.12963867, -1545.2421875, 2959.98974609, 1998.86767578
289, 111, -1628.75756836, 2285.28198242, -1550.52124023, 2760.84277344, 1924.7911377
290, 111, -1582.88415527, 2565.51269531, -1561.40258789, 2857.25341797, 1933.8449707
291, 111, -1602.28393555, 2286.35107422, -1545.36340332, 2959.82324219, 1985.8782959
292, 111, -1664.99658203, 1762.43554688, -1549.29602051, 2287.01025391, 2013.14160156
294, 111, -1629.34741211, 2287.921875, -1561.47753906, 2858.41796875, 1999.46582031
295, 111, -1594.32922363, 2662.2331543, -1528.96020508, 3061.96411133, 1925.36645508
297, 111, -1582.9777832, 2566.60327148, -1545.10864258, 2958.93847656, 1853.68566895
299, 111, -1632.74755859, 2106.51049805, -1559.40563965, 2378.14086914, 1962.59790039
300, 111, -1690.48718262, 1760.71777344, -1537.87084961, 2195.74243164, 2051.9621582
301, 111, -1575.73181152, 2285.06787109, -1538.47363281, 2661.91479492, 1998.74890137
302, 111, -1578.89916992, 2760.83374023, -1511.50244141, 3164.90893555, 1896.35070801
303, 111, -1571.45581055, 2472.60229492, -1528.16333008, 3059.31738281, 1963.76611328
304, 111, -1578.83679199, 2758.70166016, -1544.90551758, 2959.05834961, 1924.11157227
305, 111, -1601.86022949, 2286.66625977, -1549.52172852, 2759.86767578, 1976.20751953
306, 111, -1587.07653809, 2378.93530273, -1560.94470215, 2858.70141602, 1988.51379395
307, 111, -1614.23718262, 1763.06347656, -1558.39831543, 1932.99108887, 2047.26037598
309, 111, -1613.47717285, 1761.84753418, -1542.81591797, 2019.00927734, 2036.10461426
310, 111, -1559.59411621, 2378.82666016, -1489.07568359, 2958.75830078, 2001.75976563
311, 111, -1638.91296387, 1760.9161377, -1532.47619629, 1932.5645752, 2037.49450684
312, 111, -1586.8939209, 2380.25585938, -1544.8503418, 2956.86352539, 1936.29589844
313, 111, -1650.5032959, 1847.29772949, -1563.99621582, 2195.43481445, 2024.99780273
314, 111, -1653.75805664, 1676.97668457, -1573.37988281, 1846.23571777, 2039.06347656
315, 111, -1629.39916992, 1680.22668457, -1553.36376953, 2106.01904297, 2038.30957031
315, 121, 453.5496521, 16506.9980469, 455.859405518, 16497.9824219, 1284.77368164
316, 111, -1578.66943359, 2758.70043945, -1494.15087891, 3268.26660156, 1924.7911377
317, 111, -1601.1529541, 2958.15625, -1459.98486328, 3483.36743164, 1884.68359375
317, 121, 400.504669189, 16105.8994141, 447.81942749, 16101.9882813, 1319.16870117
318, 121, 397.986206055, 16096.1259766, 401.335510254, 16105.0126953, 1319.16870117
318, 111, -1593.72167969, 2661.7644043, -1511.04016113, 3163.35229492, 1989.12536621
319, 111, -1598.21875, 2471.99536133, -1544.92578125, 2960.01513672, 2000.68798828
320, 111, -1587.26086426, 2379.24145508, -1517.50744629, 2961.16308594, 2013.14160156
321, 111, -1589.72790527, 2859.06274414, -1494.39978027, 3268.97021484, 1883.45666504
322, 125, 222.170425415, 15322.4677734, 381.976165771, 15338.1621094, 1372.72009277
322, 111, -1586.76171875, 2378.09082031, -1500.0715332, 3062.33764648, 1962.48168945
323, 111, -1578.8059082, 2759.88549805, -1511.59130859, 3164.59008789, 1883.82617188
324, 111, -1600.40856934, 2956.42382813, -1539.67773438, 3163.84130859, 1850.875
324, 125, 8.58482551575, 14963.3857422, 62.5478057861, 14965.6025391, 1062.09301758
325, 125, 6.50233125687, 13615.0820313, 59.4391098022, 13608.3359375, 1299.46118164
325, 111, -1570.64892578, 2471.64477539, -1549.22668457, 2760.24047852, 1950.515625
326, 125, 5.93668079376, 13298.9863281, 58.0477752686, 13290.7666016, 1204.60778809
326, 111, -1632.6673584, 2105.609375, -1533.04382324, 2379.45263672, 2024.99780273
327, 125, 6.50279283524, 13289.0039063, 58.5389900208, 12998.7392578, 1283.13635254
327, 111, -1613.82128906, 2378.08911133, -1550.22595215, 2760.59887695, 2000.07275391
328, 125, 6.60946846008, 12996.171875, 58.3623504639, 12989.4755859, 1283.13635254
328, 111, -1644.11230469, 2195.37866211, -1539.0592041, 2663.34667969, 1986.47314453
329, 125, 5.28204965591, 12997.7382813, 10.1075496674, 12989.8505859, 1233.20495605
329, 111, -1571.55761719, 2471.13867188, -1550.24072266, 2760.98754883, 1920.6015625
330, 125, 4.95455121994, 12690.9472656, 103.04914093, 12678.5205078, 1303.28259277
330, 111, -1586.60827637, 2378.35009766, -1549.96325684, 2760.78076172, 1976.80688477
331, 125, 6.37037038803, 12667.9560547, 105.02355957, 12665.2255859, 1357.83398438
332, 125, 8.15922641754, 12386.8681641, 198.251617432, 12388.3505859, 1385.66674805
333, 125, 10.4150094986, 12382.4912109, 244.840805054, 12384.9199219, 1341.81652832
333, 111, -1578.78283691, 2759.92773438, -1572.83422852, 2957.7980957, 1949.92443848
334, 125, 50.9773216248, 11029.7431641, 277.687286377, 11279.2695313, 1444.62731934
334, 111, -1586.19543457, 3062.61987305, -1534.50268555, 3375.76855469, 1868.96533203
335, 125, 9.2459821701, 11278.7900391, 239.130737305, 11818.1171875, 1401.88696289
335, 111, -1605.24694824, 2758.12548828, -1556.27416992, 3060.74829102, 1937.14733887
336, 125, 52.0846862793, 10780.0263672, 272.421417236, 10779.7939453, 1428.18579102
336, 111, -1636.10424805, 1931.23840332, -1549.37182617, 2287.71362305, 2024.99780273
336, 131, -830.004272461, 18208.3730469, -770.01763916, 18200.8027344, 1039.50683594
337, 125, 96.095703125, 10773.6552734, 272.429107666, 10778.6318359, 1428.26928711
337, 131, -803.696716309, 17329.8535156, -571.790588379, 17330.2402344, 1349.03991699
337, 111, -1613.49157715, 2378.95336914, -1561.73535156, 2859.61547852, 1988.51379395
338, 125, 139.372802734, 10777.3808594, 271.929351807, 10773.3115234, 1428.18579102
338, 111, -1651.15942383, 1847.15368652, -1548.3026123, 2286.09155273, 2024.99780273
339, 111, -1628.42468262, 2285.0625, -1549.49169922, 2760, 1999.46582031
340, 125, -214.822723389, 10761.3378906, 6.30669975281, 10759.5996094, 1829.93798828
341, 125, -126.690620422, 10763.5986328, -259.117248535, 10759.1318359, 1834.45288086
342, 139, -351.400146484, 10765.9707031, -349.553070068, 10758.9550781, 1855.39208984
342, 111, -1577.66003418, 2759.91772461, -1528.65063477, 3060.97485352, 1937.14733887
343, 125, -748.252929688, 10763.4130859, -345.711730957, 10525.7480469, 1856.55444336
344, 125, -882.171508789, 10769.4423828, -881.544189453, 10765.5498047, 1430.13232422
344, 111, -1577.609375, 2759.05981445, -1601.15588379, 2959.02001953, 2003.7557373
345, 111, -1556.63757324, 3061.31054688, -1613.12243652, 3061.93457031, 1871.63708496
345, 141, -471.22857666, 14963.1787109, -469.780548096, 14967.5878906, 1767.00793457
345, 142, -1056.5703125, 10776.4833984, -1014.76916504, 10773.4414063, 1743.27587891
346, 125, -1104.03845215, 10767.0683594, -1412.5123291, 10764.6962891, 1482.46582031
346, 141, -443.936584473, 13606.5039063, -241.979858398, 13304.1582031, 1787.62268066
347, 145, -341.249633789, 13287.2050781, -92.3636016846, 12991.984375, 1579.1184082
347, 125, -1358.61328125, 11280.5419922, -1386.51586914, 11022.6318359, 1494.66088867
347, 111, -1589.05859375, 2859.44360352, -1585.07592773, 3060.58276367, 1646.15161133
348, 145, -92.9248352051, 13606.8291016, -45.3364639282, 13294.4082031, 1532.25537109
348, 125, -1550.38244629, 12095.6025391, -1533.59191895, 11815.0273438, 1283.58837891
349, 146, -39.1421203613, 12998.5742188, -38.4874420166, 12996.2949219, 1289.26306152
349, 147, -1598.9107666, 12095.6660156, -1833.4666748, 12100.1103516, 1074.20336914
350, 148, -39.7663345337, 12968.0166016, 6.84002637863, 12688.7519531, 1540.2442627
351, 148, 9.93611717224, 12389.8242188, 57.5049819946, 12663.0214844, 1422.56958008
352, 148, 292.360321045, 12381.0585938, 339.773681641, 12376.4560547, 1490.81054688
352, 111, -1576.10888672, 2286.63696289, -1560.87316895, 2857.57543945, 2040.16149902
353, 148, 331.448150635, 11815.9697266, 328.586425781, 11543.4980469, 1533.63964844
353, 111, -1590.3470459, 2858.75415039, -1523.29443359, 3270.22485352, 1910.31555176
354, 148, 364.31060791, 11020.4960938, 363.193237305, 10773.8837891, 1521.17675781
355, 148, 406.269378662, 10765.3310547, 628.997192383, 10766.1425781, 1545.97998047
355, 111, -1575.72741699, 2287.80517578, -1517.10144043, 2959.12231445, 1989.12536621
356, 148, 358.530670166, 10516.0332031, 707.062866211, 10508.8779297, 1600.33300781
356, 111, -1560.5012207, 2378.71777344, -1554.2121582, 2565.96118164, 2005.6036377
357, 148, 619.641540527, 10514.4492188, 666.475708008, 10502.5019531, 1573.03442383
357, 111, -1643.6394043, 2194.08447266, -1559.78515625, 2379.11889648, 2013.75292969
358, 148, 667.980407715, 9362.02441406, 675.633972168, 9578.20507813, 1605.98449707
359, 148, 704.399230957, 9137.50488281, 785.081237793, 9148.24609375, 1589.56433105
359, 111, -1629.15966797, 2287.24560547, -1570.61193848, 2471.06274414, 1950.58691406
360, 148, 696.405639648, 8938.5703125, 949.278503418, 9137.7734375, 1589.67590332
360, 111, -1617.68334961, 2197.2890625, -1544.2286377, 2471.77783203, 2002.36706543
361, 148, 696.743408203, 8928.12011719, 978.38067627, 8918.72070313, 1478.62304688
361, 150, 843.145996094, -5526.99560547, 842.51739502, -5527.1328125, 1390.48828125
361, 111, -1647.08007813, 2017.65661621, -1538.47241211, 2196.67651367, 2049.9777832
362, 148, 927.926025391, 8725.36328125, 970.505859375, 8717.421875, 1523.5345459
362, 150, 871.53125, -5352.02734375, 780.856323242, -5381.76269531, 1564.1697998
362, 111, -1560.93383789, 2380.7722168, -1522.66943359, 2760.66333008, 1953.65783691
363, 150, 863.107849121, -5337.19873047, 749.00390625, -4875.19287109, 1691.93518066
363, 111, -1586.71716309, 2378.29248047, -1549.07788086, 2758.69140625, 1989.12536621
363, 148, 938.670532227, 8125.31298828, 930.09777832, 7936.93066406, 1491.21789551
364, 150, 950.727478027, -4875.00292969, 771.454650879, -4612.43652344, 1730.90161133
365, 150, 929.145385742, -4387.36132813, 783.202209473, -4612.40136719, 1647.70910645
365, 148, 949.654418945, 7565.31494141, 1200.17236328, 7391.19580078, 1537.90429688
365, 111, -1578.69091797, 2758.88793945, -1545.33544922, 2960.72998047, 1925.36645508
366, 148, 1088.00927734, 7382.15869141, 1410.39624023, 7210.82470703, 1598.6574707
366, 150, 866.87701416, -3983.39257813, 778.944396973, -4553.859375, 1707.76721191
366, 111, -1602.25146484, 2288.1394043, -1550.39221191, 2760.26879883, 1961.9642334
367, 148, 1337.00598145, 7199.67333984, 1373.46520996, 7201.27148438, 1605.43798828
367, 150, 880.050720215, -3885.92480469, 787.811035156, -3836.65844727, 1682.22302246
368, 148, 1405.31652832, 6698.21923828, 1419.39758301, 6865.78515625, 1610.09375
368, 150, 882.687316895, -3861.75976563, 823.549926758, -3265.609375, 1734.03100586
368, 111, -1571.49108887, 2472.17822266, -1550.49951172, 2759.5637207, 1960.20336914
369, 150, 980.62890625, -3235.70581055, 855.588745117, -3114.26098633, 1687.90551758
369, 148, 1390.83532715, 6066.08154297, 1472.59216309, 6221.70068359, 1548.06774902
369, 111, -1647.9597168, 2019.21472168, -1549.29370117, 2287.07543945, 2012.53918457
370, 148, 1391.66833496, 6061.76171875, 1653.90600586, 5919.17578125, 1502.67297363
370, 150, 997.919311523, -2860.14355469, 837.688110352, -3145.14990234, 1655.40844727
370, 111, -1613.85400391, 2379.03686523, -1561.64929199, 2859.71533203, 1961.94213867
371, 148, 1445.99157715, 5917.81103516, 1858.98669434, 5616.75341797, 1545.85656738
371, 150, 1039.46203613, -2409.76171875, 862.768981934, -3052.18896484, 1723.7467041
371, 111, -1602.74584961, 2288.51269531, -1534.28039551, 2858.91479492, 1964.35339355
372, 148, 1826.7109375, 5064.19042969, 1891.26464844, 5617.50439453, 1516.67321777
372, 150, 975.84161377, -2372.60327148, 932.631591797, -2141.89086914, 1687.87768555
372, 111, -1644.37329102, 2197.08691406, -1549.44616699, 2758.80664063, 1985.8782959
373, 148, 1844.84716797, 4926.92382813, 2021.44897461, 4798.59912109, 1562.22924805
373, 150, 959.95501709, -2369.33422852, 882.028381348, -1771.78076172, 1683.21936035
373, 111, -1629.54919434, 2288.00708008, -1550.41308594, 2760.68945313, 1764.08874512
374, 150, 1070.74084473, -1731.76794434, 918.97845459, -1598.45288086, 1696.95666504
374, 148, 2065.99584961, 4668.08691406, 2210.4765625, 4790.05957031, 1607.85388184
374, 157, -1590.18359375, 2857.79101563, -1545.54589844, 2961.38891602, 1661.39770508
375, 148, 2187.30175781, 4411.95166016, 2409.0793457, 4053.18310547, 1632.78051758
375, 150, 1075.5736084, -1368.88708496, 964.811706543, -1509.96936035, 1733.26989746
375, 111, -1602.42126465, 2287.99633789, -1554.71594238, 2565.6550293, 1976.20751953
376, 150, 941.196838379, -1372.72253418, 917.977661133, -1417.23278809, 1740.98876953
376, 148, 2174.18261719, 4536.67822266, 2630.55981445, 3929.09643555, 1528.37646484
377, 150, 1001.89685059, -979.630065918, 972.507019043, -666.225646973, 1704.19775391
377, 162, 2608.42089844, 3813.67358398, 2589.80444336, 3704.50048828, 1243.56347656
378, 150, 1069.84716797, -721.328369141, 1022.13262939, -155.725982666, 1724.5847168
379, 150, 1195.8092041, -151.332855225, 1051.49865723, -94.3672103882, 1654.6015625
380, 150, 1270.02209473, 283.70401001, 1078.09387207, -31.775308609, 1655.93359375
381, 150, 1444.51599121, 417.213256836, 1078.56921387, -30.0482769012, 1636.0892334
381, 111, -1612.71533203, 3058.69848633, -1551.14001465, 3268.38916016, 1601.44421387
382, 150, 1454.15441895, 485.03729248, 1340.94445801, 902.720275879, 1636.6463623
382, 111, -1629.33947754, 2289.36132813, -1561.41027832, 2857.10180664, 1713.01757813
383, 150, 1472.16589355, 617.967102051, 1651.83605957, 902.154296875, 1640.37866211
383, 111, -1613.85998535, 2378.61450195, -1550.44885254, 2758.88012695, 1690.95532227
384, 150, 1746.54418945, 1050.35717773, 1783.37158203, 977.712097168, 1602.73010254
385, 111, -1575.92993164, 2286.63305664, -1533.14990234, 2378.38305664, 1751.0793457
385, 150, 1976.50732422, 1278.79968262, 1965.4185791, 1354.98486328, 1649.63952637
385, 168, 1872.61633301, -2408.12304688, 1571.45202637, -1032.07629395, 1110.57885742
386, 111, -1628.68811035, 1680.04443359, -1485.79418945, 1762.77893066, 2038.30957031
386, 168, 1846.9798584, -2371.20800781, 1863.94384766, -2370.44360352, 2266.77661133
386, 169, 1976.63024902, 1276.46044922, 1966.14111328, 1354.60668945, 920.720703125
387, 111, -1614.39685059, 1762.9453125, -1516.27111816, 2018.16577148, 2036.10461426
387, 170, 4029.09643555, 414.924468994, 3968.51757813, 830.075683594, 1543.24829102
388, 170, 4040.85327148, 902.879333496, 4065.52075195, 904.694885254, 1367.04272461
388, 111, -1597.99438477, 2472.02563477, -1533.56066895, 2859.58203125, 1976.80688477
389, 111, -1567.83886719, 2663.40014648, -1517.10778809, 2959.75561523, 1937.72644043
389, 171, 4348.44726563, -30.2913970947, 4395.35009766, 29.4550876617, 1307.40014648
390, 111, -1575.9720459, 2289.6328125, -1538.00061035, 2661.3347168, 1987.9107666
390, 172, 4488.83496094, -552.779052734, 4489.11572266, -553.362548828, 1165.72900391
391, 171, 4393.24609375, -31.1627159119, 4463.62304688, -609.476623535, 1489.00292969
391, 111, -1559.67443848, 2378.67944336, -1522.58508301, 2760.01928711, 1924.09118652
392, 111, -1560.1015625, 2378.86914063, -1538.45495605, 2662.35229492, 1975.61657715
392, 171, 4777.28808594, -978.738037109, 4506.69677734, -558.638549805, 1108.89318848
393, 111, -1571.48425293, 2473.06201172, -1534.36108398, 2859.68676758, 1924.09118652
394, 111, -1571.20422363, 2472.99707031, -1560.79711914, 2857.97802734, 1937.14733887
394, 173, 4358.62158203, 2107.82275391, 4436.82958984, 2104.52001953, 1508.54504395
395, 173, 4465.15234375, 2105.50585938, 4709.65234375, 1847.43713379, 1612.3494873
395, 111, -1565.11657715, 2196.82055664, -1528.09411621, 2566.61865234, 2012.53918457
396, 111, -1575.47900391, 2286.73779297, -1533.38305664, 2378.09521484, 2013.75292969
396, 173, 4603.3984375, 2198.82543945, 4629.23925781, 2199.50195313, 1455.10803223
397, 111, -1586.50500488, 2378.94506836, -1554.46057129, 2566.65942383, 1964.35339355
398, 111, -1571.98706055, 2471.86645508, -1550.06103516, 2759.53442383, 1990.01245117
399, 111, -1598.10546875, 2471.91650391, -1550.47570801, 2759.92529297, 1976.20751953
400, 111, -1593.9276123, 2661.1887207, -1560.76171875, 2858.67626953, 1937.72644043
401, 111, -1582.57592773, 2566.67138672, -1549.19995117, 2760.35131836, 1964.94921875
402, 111, -1582.75549316, 2566.21582031, -1560.72302246, 2856.73852539, 1976.20751953
403, 111, -1602.14562988, 2285.93603516, -1533.60351563, 2379.29272461, 1998.74890137
404, 111, -1575.29370117, 2287.74414063, -1532.66027832, 2378.94921875, 1999.46582031
405, 111, -1598.09985352, 2470.57836914, -1554.3203125, 2565.62548828, 1976.20751953
406, 111, -1647.87145996, 2019.34985352, -1575.18212891, 2285.6394043, 1999.56921387
407, 111, -1594.20849609, 2662.56152344, -1545.05529785, 2959.99194336, 1924.09118652
408, 111, -1651.49475098, 1847.16052246, -1575.38818359, 2285.65966797, 2024.38317871
409, 111, -1662.6151123, 1933.11621094, -1560.24975586, 2379.23193359, 2001.16052246
410, 111, -1668.37280273, 1598.88793945, -1628.35217285, 1679.29333496, 1797.30969238
411, 111, -1679.93261719, 1680.01379395, -1625.0423584, 1846.14074707, 1743.48791504
412, 111, -1633.01623535, 2107.20751953, -1539.47009277, 2663.43579102, 1680.12438965
413, 111, -1591.15283203, 2194.79223633, -1548.11083984, 2284.7902832, 1934.5715332
414, 111, -1617.84106445, 2195.40039063, -1549.17285156, 2288.16577148, 1728.79296875
415, 111, -1643.95471191, 2196.31152344, -1549.97692871, 2759.921875, 2000.16809082
416, 111, -1586.83435059, 2378.50048828, -1528.38342285, 3061.4465332, 1949.06591797
417, 111, -1650.6036377, 1846.6887207, -1575.12084961, 2286.33300781, 1985.8782959
418, 111, -1673.21765137, 2018.29663086, -1560.41552734, 2379.72241211, 1974.19433594
419, 111, -1662.18395996, 1931.86157227, -1575.24145508, 2286.86621094, 2023.77697754
420, 111, -1613.6739502, 2379.3918457, -1561.53674316, 2857.67089844, 1987.3157959
421, 111, -1560.75256348, 2380.02441406, -1554.09448242, 2565.81567383, 1924.66625977
422, 111, -1613.76599121, 2379.74169922, -1550.29907227, 2759.96264648, 1937.72644043
423, 111, -1628.79968262, 2286.16503906, -1543.87243652, 2473.17016602, 1989.12536621
424, 111, -1628.60302734, 2284.79345703, -1533.8449707, 2380.24194336, 1976.80688477
425, 111, -1587.23974609, 2379.03466797, -1554.21386719, 2566.54077148, 1938.3137207
426, 111, -1575.8269043, 2287.73144531, -1543.40026855, 2471.36694336, 2000.07275391
427, 111, -1560.35864258, 2379.73657227, -1543.8536377, 2472.49291992, 1999.52148438
428, 111, -1582.64404297, 2566.00976563, -1560.95092773, 2857.54663086, 1912.296875
429, 111, -1598.20056152, 2471.61010742, -1545.31958008, 2958.75463867, 1937.14733887
430, 177, -54.1435585022, 18675.9570313, 9.07230854034, 18675.21875, 2663.53759766
430, 111, -1583.19152832, 2566.8293457, -1545.61315918, 2960.06079102, 1925.36645508
431, 111, -1594.72167969, 2662.56835938, -1561.52539063, 2859.57763672, 1897.23657227
432, 111, -1609.01184082, 3269.42333984, -1510.82324219, 3701.08740234, 1797.1829834
432, 176, 3.69036316872, 18213.6972656, 6.59171581268, 18221.4804688, 1617.06652832
433, 111, -1613.12915039, 3062.32788086, -1499.92480469, 3592.02954102, 1827.95788574
434, 111, -1601.47387695, 2959.37402344, -1556.68115234, 3062.9675293, 1872.16955566
435, 111, -1597.79724121, 3165.80761719, -1500.06787109, 3592.17480469, 1811.29199219
436, 180, 728.802368164, 16118.8828125, 795.58807373, 16501.5214844, 1624.49377441
436, 111, -1613.51306152, 3062.48535156, -1528.65795898, 3591.33422852, 1793.90209961
437, 111, -1601.85900879, 2956.74584961, -1556.55725098, 3063.18725586, 1925.36645508
438, 180, -46.1801300049, 15696.5839844, 7.4085817337, 15702.8847656, 1414.54833984
438, 111, -1593.90966797, 2662.11401367, -1539.71118164, 3164.64746094, 1937.72644043
438, 188, 771.278381348, 15725.3925781, 774.26361084, 15729.6210938, 839.003662109
439, 111, -1593.80322266, 2661.13867188, -1556.09020996, 3060.64770508, 1976.80688477
439, 187, 824.746704102, 15729.8701172, 824.945800781, 15725.4804688, 1601.66345215
440, 111, -1593.71789551, 2661.40136719, -1545.44018555, 2961.12451172, 1950.515625
440, 187, 812.015136719, 15330.4960938, 814.097045898, 15334.3837891, 1533.08032227
441, 194, -98.3734359741, 14972.7529297, -44.4360580444, 15315.0820313, 1770.00366211
441, 187, 812.26940918, 15336.9423828, 812.327087402, 15335.8515625, 1654.18725586
441, 111, -1586.27978516, 3063.01025391, -1506.26879883, 3376.28857422, 1564.97717285
442, 194, -198.514007568, 14270.9697266, -44.1786346436, 14611.9882813, 1671.92028809
442, 187, 811.938415527, 15349.3818359, 812.838195801, 15344.9804688, 1381.90478516
442, 111, -1597.48486328, 3164.60302734, -1516.79870605, 3482.46679688, 1811.29199219
443, 196, -44.7834472656, 14272.8486328, 751.908935547, 14975.0292969, 1623.8112793
444, 187, -143.227645874, 13609.8085938, 5.40459728241, 13938.2001953, 1906.66601563
444, 201, 747.827026367, 14971.0283203, 759.720031738, 15318.6855469, 650.715270996
445, 196, -190.737457275, 13300.5976563, 4.83076572418, 13303.1708984, 1603.16345215
445, 187, 699.789428711, 13305.8798828, 759.254089355, 13616.6894531, 1754.94226074
446, 196, 693.432434082, 13003.9697266, 750.632202148, 13289.3007813, 1579.01635742
446, 206, -289.348571777, 13290.6591797, -43.9653511047, 13289.9335938, 1603.16345215
447, 208, 750.507080078, 13301.7363281, 750.291687012, 13289.4208984, 1220.77246094
447, 206, -139.946914673, 12987.2246094, -41.610912323, 12983.5439453, 1283.32189941
448, 209, -43.6095314026, 12988.8007813, 5.26086235046, 12983.828125, 1236.40869141
448, 210, 738.83782959, 12994.5488281, 740.231567383, 12989.5654297, 1335.98425293
449, 210, 738.320373535, 12971.5556641, 739.814208984, 12970.9960938, 1267.21801758
449, 207, -1612.99938965, 3060.69506836, -1500.62011719, 3594.26391602, 1879.86291504
450, 209, 740.666992188, 12972.5175781, 742.606262207, 12971.3320313, 1349.00256348
450, 200, -1590.30700684, 2859.44116211, -1499.96264648, 3593.03930664, 1893.07641602
451, 210, 711.983337402, 12091.7314453, 724.32208252, 12376.6542969, 1421.68212891
451, 217, -326.762176514, 12391.5214844, -89.8727874756, 12664.2304688, 2014.85644531
451, 207, -1585.94250488, 3063.73803711, -1500.62805176, 3593.15527344, 1680.3392334
452, 209, -307.562347412, 11027.2519531, 687.241699219, 11275.8828125, 1444.83752441
452, 207, -1567.75708008, 2663.17871094, -1572.79772949, 2959.98852539, 1745.38586426
453, 209, -266.572631836, 11275.0302734, 689.461853027, 11284.7636719, 1448.12280273
454, 209, 636.024780273, 11018.6953125, 682.336303711, 11017.0283203, 1470.60498047
454, 217, -347.185943604, 10778.5625, -171.392272949, 10774.7119141, 1918.62561035
