0, 0, 502.183502197, 5337.25976563, 467.38381958, 5337.48339844, 1376.03552246
0, 1, -988.570556641, 14617.7275391, -923.887939453, 14278.34375, 1928.62414551
1, 0, 510.485351563, 5618.56396484, 481.515930176, 5766.83203125, 1756.50024414
1, 1, -849.160705566, 13604.5615234, -837.454223633, 13299.3789063, 1553.21325684
3, 0, 525.379455566, 6070.32275391, 530.328430176, 6215.53417969, 1526.59655762
3, 4, -949.172302246, 13618.8701172, -887.3515625, 13295.3623047, 1253.21325684
4, 0, 564.154663086, 6225.31738281, 529.066467285, 6223.72851563, 1401.44909668
4, 4, -938.12689209, 13298.7490234, -876.52947998, 13002.8378906, 1196.74108887
5, 0, 634.727233887, 7197.92138672, 597.087463379, 7199.12597656, 1346.49462891
6, 0, 633.881469727, 7203.76513672, 597.958007813, 7203.34765625, 1359.24621582
6, 10, -1057.1496582, 12675.8535156, -960.971862793, 12666.0361328, 1644.05566406
7, 0, 677.872680664, 7382.50634766, 603.616271973, 7382.10107422, 1347.89599609
7, 10, -1089.10437012, 12373.1464844, -948.422729492, 12374.4960938, 1510.24523926
7, 13, 8.92188549042, 15689.0673828, 277.133422852, 15336.1572266, 942.154296875
8, 14, 685.453735352, 7563.80957031, 648.65612793, 7563.60449219, 1815.00378418
8, 15, 7.75472593307, 15339.8056641, 61.826210022, 15329.2275391, 1250.2923584
8, 10, -1139.89306641, 12379.5058594, -1121.84741211, 12099.1845703, 1331.12341309
9, 0, 805.143066406, 7746.69726563, 648.354248047, 7571.00292969, 1475.79138184
9, 13, 5.31450939178, 14614.2050781, 8.51309013367, 13945.4726563, 1195.12487793
9, 10, -1125.57067871, 12099.6503906, -1107.77685547, 11813.7558594, 1387.55310059
10, 0, 909.081481934, 8320.57519531, 869.544311523, 8313.60058594, 1721.57849121
10, 13, 4.06112194061, 13287.4570313, 8.21328830719, 13000.3525391, 1233.20703125
11, 13, 4.09726428986, 12995.1542969, 9.20476722717, 12986.5986328, 1233.20825195
11, 0, 916.837158203, 8514.66796875, 907.46496582, 8320.41699219, 1757.74609375
11, 15, -1058.05334473, 10761.4462891, -916.163024902, 10528.4794922, 2097.12719727
12, 18, 938.658874512, 8931.34667969, 938.868713379, 8924.66992188, 1304.86914063
12, 13, 4.8251824379, 12974.1582031, 8.89262962341, 12970.6347656, 1264.06933594
12, 19, -1059.77416992, 10760.8349609, -1003.91326904, 10527.5419922, 1811.77233887
13, 15, 3.38043069839, 12681.1464844, 7.92303180695, 12675.8535156, 1455.71520996
13, 19, -1003.86602783, 10516.5361328, -872.297729492, 10512.6201172, 1469.65283203
14, 19, -998.206542969, 9583.3515625, -883.667419434, 9801.70996094, 1607.63464355
14, 13, 3.39848065376, 12388.6972656, 8.04246520996, 12380.3662109, 1374.96887207
15, 19, -978.388549805, 9146.68261719, -773.442565918, 9145.48632813, 1591.28234863
15, 13, 6.02391576767, 11025.6601563, 52.9780082703, 11017.3291016, 1428.18579102
15, 24, 1006.60742188, 10274.1162109, 1007.11700439, 10277.4433594, 1434.62316895
16, 19, -937.998962402, 9137.85546875, -724.942871094, 8941.75878906, 1510.71264648
16, 13, 50.6453170776, 11022.4365234, 273.894042969, 11016.2734375, 1380.62133789
16, 26, 1039.11535645, 11014.6152344, 1026.57019043, 10771.4873047, 1129.76147461
17, 13, 95.7518920898, 10765.0039063, 315.859710693, 10755.1074219, 1278.41455078
17, 19, -927.61541748, 8932.82617188, -726.020263672, 8926.91308594, 1457.02160645
18, 13, 227.736999512, 10763.6533203, 316.880645752, 10753.6904297, 1194.88549805
18, 19, -956.286743164, 8723.90039063, -717.197021484, 8714.94042969, 1469.72546387
18, 29, 1038.23352051, 11020.234375, 1025.38879395, 10780.5380859, 1043.87023926
19, 13, 225.67175293, 10510.4990234, 355.458129883, 10506.2773438, 1296.42297363
19, 19, -936.298278809, 8319.68652344, -702.113464355, 8314.20214844, 1512.94921875
19, 29, 1037.35864258, 11013.6386719, 1026.82946777, 10776.5390625, 1116.68334961
20, 13, 297.648590088, 9357.296875, 338.491790771, 9355.36035156, 1317.08959961
20, 19, -880.033203125, 7930.90185547, -632.252319336, 7392.04931641, 1502.60864258
20, 32, -427.343505859, 15726.0078125, -379.216796875, 16104.6123047, 1231.7734375
21, 13, 330.93081665, 8931.25585938, 372.62387085, 8928.24902344, 1831.94873047
21, 19, -712.754821777, 7564.54785156, -631.709289551, 7390.34863281, 1502.60864258
21, 32, -420.350982666, 15342.8300781, -204.234329224, 14971.2861328, 1194.47229004
22, 13, 326.34588623, 8723.609375, 447.17276001, 8717.28320313, 1418.09106445
22, 19, -667.355895996, 7382.03759766, -586.839416504, 7209.61865234, 1543.92883301
23, 19, -654.475524902, 7031.30664063, -570.329650879, 6698.12792969, 1518.48754883
23, 13, 398.768768311, 8321.19433594, 433.691040039, 8127.39257813, 1489.4317627
24, 19, -607.744445801, 6696.94140625, -558.724243164, 6378.203125, 1541.70654297
24, 13, 462.182556152, 7744.51416016, 500.877227783, 7746.47363281, 1472.18859863
25, 19, -590.114746094, 6223.02246094, -547.349304199, 6071.63427734, 1455.7310791
25, 13, 533.048950195, 7568.7734375, 571.931396484, 7570.35888672, 1475.09301758
25, 33, -42.0650367737, 12991.8291016, -91.2186279297, 12985.4433594, 1264.26147461
26, 19, -549.177001953, 6060.21875, -510.067840576, 5920.37548828, 1485.80102539
26, 13, 564.320678711, 7387.01123047, 678.541870117, 7387.59521484, 1458.33520508
26, 33, -94.7990493774, 14270.4492188, -47.8507499695, 14617.8291016, 1002.12762451
27, 19, -510.209564209, 5916.21337891, -376.359313965, 6059.06005859, 1517.68505859
27, 13, 560.274353027, 7213.32177734, 781.725463867, 7204.98046875, 1368.11584473
27, 33, -90.5484924316, 12975.6572266, -44.0834465027, 12687.9951172, 1180.32543945
28, 19, -482.282867432, 5065.31689453, -422.522369385, 5194.35449219, 1526.26757813
28, 13, 652.423034668, 6699.140625, 760.442565918, 6697.43798828, 1397.61828613
28, 33, 268.399291992, 14619.7841797, 266.376342773, 14276.2685547, 1147.91687012
29, 19, -479.841430664, 4934.03173828, -450.760986328, 5057.6640625, 1517.24963379
29, 13, 807.609191895, 6223.84716797, 815.948181152, 6374.17822266, 1382.95166016
29, 33, 60.5339393616, 14613.0878906, 109.944664001, 13937.2988281, 988.868408203
30, 19, -540.955749512, 4793.66357422, -474.131561279, 4797.05273438, 1557.26086426
30, 13, 834.926635742, 6058.10644531, 1067.88342285, 5920.19482422, 1447.56518555
31, 19, -593.726196289, 4535.35351563, -411.805603027, 4793.28515625, 1518.49853516
31, 13, 827.442382813, 5912.03271484, 1075.21069336, 5477.21728516, 1396.90100098
31, 33, -141.534576416, 12984.1259766, -43.4210853577, 12995.0488281, 1264.30969238
32, 19, -639.780090332, 4168.59863281, -470.964233398, 4663.80664063, 1507.11889648
32, 13, 1082.45568848, 5621.22753906, 1093.2010498, 5758.92089844, 1316.93200684
32, 40, -400.54864502, 13929.0498047, -90.34740448, 12976.8037109, 900.533508301
33, 41, -846.289978027, 1433.86315918, -710.237976074, 1677.04321289, 1542.63964844
33, 19, -661.837097168, 7205.02050781, -585.981872559, 7201.86132813, 1543.7220459
34, 19, -797.070129395, 5476.76220703, -601.846618652, 5618.13232422, 1543.11950684
34, 41, -868.942565918, -92.4825286865, -730.338562012, 90.8241653442, 1535.87646484
35, 19, -834.417358398, 4932.27783203, -640.411132813, 4926.02148438, 1545.87780762
35, 41, -748.123291016, -556.408630371, -721.936828613, -330.874420166, 1561.85998535
36, 19, -834.009155273, 4927.16064453, -640.799682617, 4921.93603516, 1549.6583252
36, 41, -768.789306641, -557.79864502, -669.012817383, -500.935913086, 1562.27941895
37, 19, -837.843933105, 4413.52880859, -737.668701172, 4291.37890625, 1627.18664551
37, 42, 3373.74511719, -878.890441895, 3449.91577148, -719.78894043, 1358.50268555
37, 41, -680.011535645, -930.41986084, -650.33782959, -1082.97546387, 1543.04626465
38, 19, -909.396728516, 4052.56738281, -750.494934082, 3935.47509766, 1508.17871094
38, 41, -748.079101563, -1080.88452148, -648.851806641, -1370.48156738, 1555.02575684
38, 42, 3577.28369141, -981.58215332, 3676.765625, -929.198120117, 1281.0291748
39, 19, -962.630493164, 3935.28564453, -780.819152832, 3931.47460938, 1462.32556152
39, 41, -791.64050293, -1277.10974121, -648.390380859, -1371.85595703, 1499.70288086
40, 41, -724.231567383, -2060.72338867, -696.730407715, -1729.48535156, 1536.29101563
40, 19, -998.657836914, 3593.27416992, -815.323547363, 3481.93237305, 1574.41491699
40, 43, 3588.34082031, -1554.89453125, 3813.77905273, -1686.10583496, 1325.42834473
41, 19, -1082.89172363, 3163.9230957, -896.70501709, 2962.48144531, 1478.03869629
41, 41, -738.023803711, -2101.73828125, -704.925720215, -1858.16247559, 1523.05615234
41, 43, 3554.0065918, -1642.92077637, 3776.87792969, -2062.1472168, 1262.08422852
42, 41, -698.633911133, -2371.02636719, -645.947509766, -2588.71191406, 1538.12719727
42, 19, -1319.90063477, 2960.0793457, -954.215820313, 2567.22558594, 1599.98547363
42, 43, 3725.53808594, -2371.48852539, 3724.77978516, -2101.24731445, 1344.51464844
43, 41, -637.242431641, -2891.84179688, -635.442932129, -2924.37866211, 1557.92980957
43, 19, -1254.58691406, 2290.45727539, -979.95892334, 2198.97705078, 1530.93811035
43, 43, 3793.65209961, -2517.24023438, 3812.02368164, -2064.62329102, 1261.95861816
44, 19, -1272.6151123, 2198.9362793, -1059.75402832, 2195.8046875, 1520.69519043
44, 41, -756.012756348, -2656.88061523, -633.929382324, -2926.24267578, 1495.49377441
45, 19, -1354.82104492, 1516.69311523, -1078.34008789, 1514.12451172, 1664.21508789
45, 41, -729.302246094, -3410.49780273, -632.180664063, -2957.48168945, 1522.64660645
46, 41, -689.799682617, -3657.02783203, -628.975219727, -2990.33398438, 1511.52001953
46, 19, -1342.80371094, 977.050598145, -1109.70629883, 1051.21704102, 1579.13830566
47, 19, -1301.67858887, 831.295959473, -1142.87084961, 900.52545166, 1634.3001709
47, 41, -700.543395996, -3682.96704102, -568.35559082, -3734.3581543, 1439.91699219
48, 19, -1246.5625, 350.566833496, -1117.84777832, 413.203704834, 1665.95556641
48, 41, -647.408813477, -4077.66894531, -603.231140137, -4258.8515625, 1507.36474609
49, 19, -1171.68591309, 281.743896484, -1071.59411621, -33.3068351746, 1608.13928223
49, 41, -668.086914063, -4007.16577148, -607.901672363, -4471.66503906, 1521.03308105
50, 41, -694.866821289, -4709.17089844, -589.638916016, -4532.74365234, 1477.16210938
50, 19, -1202.45397949, 155.897720337, -1054.28747559, -212.474395752, 1655.08496094
51, 41, -645.919799805, -5115.69335938, -599.616516113, -4553.70556641, 1520.98388672
51, 19, -1163.91674805, -557.799255371, -1036.50976563, -388.348846436, 1673.86352539
52, 41, -629.662475586, -5164.72314453, -569.151000977, -4857.80273438, 1464.23608398
52, 19, -1055.73632813, -982.587036133, -1023.98254395, -502.138824463, 1674.63903809
53, 41, -586.735839844, -5441, -566.200622559, -5527.13867188, 1400.8918457
53, 19, -1029.66784668, -1033.49536133, -950.319274902, -1030.08215332, 1685.0144043
54, 19, -931.995056152, -1417.98669434, -894.541259766, -1774.54968262, 1727.1114502
54, 41, -692.47467041, -5527.23291016, -597.24786377, -5527.2890625, 1049.12683105
55, 19, -1026.63757324, -1417.50268555, -865.413269043, -2062.48730469, 1663.65393066
56, 19, -1011.8293457, -2021.37744141, -866.311157227, -2063.85913086, 1640.89489746
57, 19, -945.941040039, -2726.28686523, -844.528564453, -2104.71508789, 1622.23046875
58, 19, -953.730651855, -2793.74633789, -907.554199219, -2622.14257813, 1632.13098145
59, 19, -929.168945313, -2860.48022461, -891.330871582, -3175.32836914, 1727.99499512
60, 19, -1156.65869141, -2623.10839844, -984.415039063, -3708.41796875, 1687.79174805
61, 19, -1116.86364746, -3410.06665039, -1011.38885498, -3810.85009766, 1677.93481445
62, 19, -1152.06921387, -4345.94384766, -1015.21630859, -3785.20239258, 1684.04418945
63, 19, -1128.62072754, -4472.02099609, -1023.08703613, -3835.83740234, 1670.4296875
64, 19, -1108.38562012, -4512.25439453, -1010.08813477, -4651.484375, 1612.82495117
66, 19, -1223.78271484, -4747.35302734, -961.195556641, -5382.16894531, 1564.25097656
67, 19, -1186.85522461, -5526.9921875, -968.835998535, -5397.26757813, 1359.14794922
72, 47, -1504.55834961, 6701.12402344, -1490.19836426, 6538.25683594, 2179.56762695
73, 47, -2030.09350586, 13287.6640625, -2079.92382813, 13290.1367188, 1888.02893066
74, 48, -2027.9744873, 13288.2919922, -2003.44482422, 12997.4570313, 1886.0501709
77, 50, -1733.90576172, 12663.1386719, -1904.30981445, 12386.9355469, 1649.02990723
78, 50, -1594.47290039, 12694.8994141, -1688.78369141, 12692.8378906, 1324.42248535
80, 50, -1267.64941406, 12990.1611328, -1483.328125, 13289.8398438, 1635.54968262
81, 54, -1171.10217285, 12989.125, -1317.47607422, 12997.0351563, 1285.52941895
83, 50, -887.973632813, 13302.3994141, -887.421813965, 13297.53125, 1557.34362793
83, 57, -1670.29663086, 14614.5839844, -1670.62023926, 14616.2441406, 1656.01342773
84, 59, -896.753112793, 14963.6679688, -873.541748047, 14279.4785156, 1098.41210938
85, 61, -56.024356842, 18695.2089844, -51.0651168823, 18678.0742188, 2735.90625
86, 67, -55.5632171631, 19645.0292969, -51.5912055969, 20685.5957031, 1465.27758789
91, 77, -269.266052246, -5381.38916016, -502.75491333, -5527.13720703, 1346.40759277
91, 79, -923.096191406, 15715.3789063, -869.291137695, 15714.2890625, 1435.38427734
92, 77, -316.569122314, -5115.95019531, -439.931243896, -5526.98486328, 1572.46032715
92, 72, 1084.1192627, -5527.27832031, 884.803588867, -5526.98291016, 1488.25256348
93, 77, -294.241424561, -5115.56005859, -419.001953125, -4963.39697266, 1553.06604004
93, 72, 1073.97192383, -5527.26953125, 829.328369141, -5132.76806641, 1563.73535156
94, 72, 1042.27697754, -5526.8359375, 851.870483398, -5131.65478516, 1679.28735352
94, 77, -294.840515137, -5099.60351563, -407.003082275, -4431.01367188, 1646.99816895
95, 77, -281.68347168, -4388.12744141, -358.915863037, -4387.92382813, 1569.49255371
95, 72, 1049.36865234, -4857.12548828, 879.700500488, -5099.0859375, 1662.15576172
96, 77, -185.320831299, -3656.49316406, -384.773620605, -4387.67138672, 1611.82006836
96, 72, 1081.91650391, -4471.72460938, 899.054321289, -5049.32568359, 1756.33081055
96, 90, -102.68536377, 15725.6650391, -51.9306716919, 16089.8007813, 995.629516602
97, 77, -230.2059021, -3575.75268555, -349.871337891, -3811.2668457, 1576.60095215
97, 72, 989.577209473, -4492.54345703, 948.444702148, -4431.23339844, 1689.19018555
98, 77, -201.235748291, -3602.40063477, -258.930053711, -3205.90039063, 1613.48632813
98, 72, 1015.19061279, -4410.63818359, 948.935119629, -4077.71777344, 1690.42346191
98, 90, -104.109260559, 15338.4189453, -100.266311646, 15708.2724609, 1717.96887207
99, 72, 1019.54693604, -4387.90527344, 902.841125488, -3708.10009766, 1734.86914063
99, 77, -201.11706543, -3602.34130859, -191.343292236, -2827.04980469, 1635.09912109
100, 77, -63.2817764282, -2659.39086914, -145.619750977, -2726.69677734, 1557.77172852
100, 72, 1127.79052734, -3734.02612305, 906.147338867, -3683.1418457, 1708.98669434
101, 72, 1072.61108398, -3437.01049805, 927.286071777, -3630.07250977, 1699.4934082
101, 77, 20.6362876892, -2061.67016602, -146.224731445, -2694.12866211, 1609.20568848
102, 72, 1118.94848633, -3021.90844727, 920.291809082, -3575.08398438, 1730.84985352
102, 77, 2.30473709106, -2022.68078613, -138.257110596, -2103.03613281, 1552.10327148
103, 72, 1119.06774902, -3021.30126953, 1021.48101807, -2926.56176758, 1679.67419434
103, 77, 2.69789385796, -1940.55114746, -16.3814353943, -1730.10205078, 1577.06982422
103, 104, -424.734588623, 12673.1484375, -381.609039307, 12668.8173828, 1329.57214355
104, 72, 1124.07507324, -2988.86108398, 1041.61499023, -2656.89160156, 1727.25500488
104, 77, 3.12928557396, -1899.48974609, 40.2208480835, -1554.41137695, 1566.94250488
105, 72, 1158.38513184, -2859.8828125, 1083.06164551, -2334.07739258, 1703.04748535
105, 77, 161.645248413, -982.570678711, 43.0609893799, -1033.80322266, 1555.55932617
106, 77, 190.360275269, -611.523986816, 23.1703300476, -1131.70263672, 1591.77160645
106, 72, 1255.27709961, -2219.99804688, 1078.72070313, -2369.57470703, 1722.62646484
106, 107, -394.075195313, 10766.9423828, -391.547363281, 10759.7724609, 1457.40332031
106, 108, -1646.61242676, 14265.0195313, -1316.49853516, 12982.4111328, 1236.20349121
107, 107, -1168.69689941, 12971.7294922, -393.654998779, 10763.8525391, 1430.32116699
107, 72, 1304.06140137, -1772.54626465, 1103.49914551, -2180.4465332, 1720.53295898
107, 77, 235.195846558, -445.019287109, 128.805328369, -444.533966064, 1516.12451172
108, 107, -615.848449707, 10762.4746094, -432.376312256, 10516.8574219, 1526.95092773
108, 77, 214.940139771, -387.260467529, 197.985641479, -154.334716797, 1646.05126953
108, 112, -1090.8001709, 12375.7255859, -1139.26757813, 12385.7773438, 1472.44384766
108, 72, 1310.2208252, -1599.00500488, 1108.12890625, -2141.52441406, 1727.57409668
109, 77, 236.106201172, -386.693115234, 360.029541016, 156.0287323, 1565.05505371
109, 72, 1341.73083496, -1508.39025879, 1192.26025391, -1508.43737793, 1668.22509766
109, 107, -696.014343262, 10525.5703125, -520.975158691, 10516.3632813, 1484.97753906
110, 72, 1355.04528809, -1418.66345215, 1233.62817383, -1032.60058594, 1723.64501953
110, 77, 518.250244141, 688.244628906, 369.352722168, 417.251647949, 1604.41772461
110, 107, -693.575439453, 10514.2197266, -564.34173584, 10512.7705078, 1550.24255371
111, 77, 619.734313965, 1276.17578125, 347.234283447, 417.528106689, 1594.07055664
111, 72, 1362.0435791, -1371.86230469, 1151.94055176, -720.125366211, 1702.86401367
112, 72, 1461.91931152, -557.593261719, 1158.63928223, -666.97076416, 1646.78808594
112, 77, 595.32623291, 1278.82824707, 500.295532227, 1356.46655273, 1550.81665039
112, 107, -643.090942383, 8940.37988281, -603.522338867, 8939.19726563, 1504.79406738
113, 77, 632.503601074, 1514.36218262, 585.315979004, 1595.80688477, 1670.44543457
113, 107, -642.381896973, 8939.44628906, -562.407531738, 8941.78125, 1628.2644043
113, 72, 1339.390625, -388.898254395, 1191.68041992, -556.167419434, 1681.60046387
114, 116, -677.401000977, 8724.71289063, -595.848449707, 8718.31445313, 1516.5826416
114, 77, 637.516723633, 1594.89123535, 627.262756348, 1932.63208008, 1595.98461914
114, 118, 7.04134178162, 10509.1689453, 181.444290161, 10516.3212891, 1532.33068848
114, 72, 1165.7208252, -611.074035645, 1164.61669922, -611.605407715, 1703.40930176
115, 77, 806.369873047, 2289.49584961, 620.638244629, 2284.35522461, 1560.42993164
115, 121, -679.36138916, 8716.03222656, -631.926269531, 8519.53125, 1382.01245117
115, 122, 308.311309814, 10040.0830078, 351.491943359, 10275.3789063, 1532.46411133
115, 72, 1305.75610352, 28.7811203003, 1253.35205078, 351.179840088, 1723.46618652
116, 121, -756.215026855, 8710.71386719, -631.825012207, 8521.31445313, 1442.60913086
116, 77, 875.789611816, 2955.14990234, 645.922912598, 2289.34765625, 1520.66931152
116, 72, 1268.3190918, 90.7511520386, 1102.3782959, 417.507385254, 1732.02453613
116, 124, 664.294250488, 10520.7724609, 355.751617432, 10502.9433594, 2226.14086914
117, 121, -695.698364258, 8127.25488281, -611.036010742, 7934.15039063, 1512.58569336
117, 72, 1314.05981445, 283.722747803, 1071.62561035, 830.617919922, 1693.18737793
117, 77, 855.95135498, 3059.3894043, 680.526916504, 2963.16723633, 1543.30041504
117, 128, 623.63458252, 9143.49316406, 686.530761719, 9800.58886719, 1317.70202637
118, 72, 1334.39355469, 1049.60314941, 1078.52722168, 899.655090332, 1636.06518555
118, 121, -687.737304688, 7936.54248047, -605.423339844, 7746.01513672, 1476.89990234
118, 77, 889.928649902, 3166.49365234, 776.013366699, 3164.30712891, 1781.33374023
119, 72, 1133.47302246, 978.123474121, 1109.1607666, 977.047180176, 1703.29614258
119, 121, -643.95501709, 7749.43652344, -634.443054199, 7560.90234375, 1497.91271973
120, 72, 985.300720215, 1511.04077148, 1068.33496094, 1049.74316406, 1723.60375977
120, 121, -816.539794922, 7381.25341797, -628.681030273, 7381.39697266, 1485.36035156
120, 77, 879.75579834, 3932.92456055, 758.825500488, 3936.1496582, 1672.58618164
120, 137, 1057.88598633, 23039.4589844, 1059.41369629, 23040.6425781, 1568.19213867
120, 127, -409.316162109, 22987.0820313, -131.40965271, 22986.6074219, 2267.43286133
121, 72, 1024.35620117, 1681.25561523, 1032.4296875, 2105.94238281, 1670.43566895
121, 121, -778.63293457, 7377.62207031, -661.142578125, 7213.85839844, 1445.90771484
121, 77, 742.20111084, 4171.74121094, 742.075500488, 4171.46386719, 1446.8347168
122, 72, 991.250427246, 1595.73632813, 668.110351563, 2200.02734375, 1816.54370117
122, 121, -816.427429199, 7375.92285156, -666.466125488, 7375.18359375, 1526.69628906
122, 77, 741.085144043, 4796.91455078, 740.105895996, 4802.11279297, 1359.70910645
123, 72, 1005.22698975, 1762.67248535, 620.899658203, 2290.36157227, 1827.45983887
123, 121, -829.290527344, 6867.85205078, -655.477905273, 7028.80029297, 1556.19714355
124, 121, -864.478271484, 6861.12158203, -707.614685059, 6538.41552734, 1432.29943848
124, 72, 941.397827148, 2663.46923828, 621.060241699, 2292.00244141, 1732.42810059
124, 139, 1430.39807129, 6538.06542969, 1507.17504883, 7032.03955078, 1372.24975586
125, 121, -835.502746582, 6221.53466797, -654.244506836, 6073.68017578, 1489.38513184
125, 72, 628.721862793, 2473.13012695, 659.110900879, 2565.06811523, 1746.2331543
126, 121, -854.252563477, 5919.75097656, -721.21875, 6057.69677734, 1499.46203613
126, 72, 600.301086426, 3059.88110352, 647.165405273, 2857.87353516, 1865.61315918
126, 141, 1563.65930176, 6070.94628906, 1667.62927246, 6061.68261719, 1447.39172363
127, 121, -847.01940918, 5763.71386719, -715.707824707, 5910.45068359, 1540.52612305
127, 72, 531.267456055, 3481.58569336, 483.568725586, 3813.48706055, 1766.2487793
127, 149, 1617.41052246, 5914.82226563, 1688.27722168, 5920.08740234, 1510.86303711
127, 150, -60.0210266113, 23668.4082031, 12.2613258362, 23679.5742188, 2239.76489258
128, 121, -838.864501953, 5615.46289063, -757.045166016, 5336.14208984, 1533.63513184
128, 72, 547.614746094, 3164.7890625, 244.810791016, 3820.13427734, 1825.25012207
128, 149, 1754.05358887, 5907.80761719, 1720.36584473, 5912.58251953, 1496.22363281
129, 121, -808.199523926, 5063.05371094, -577.144348145, 4931.80664063, 1549.15881348
129, 72, 560.054870605, 3484.95629883, 217.085830688, 3935.24902344, 1764.76855469
129, 149, 1807.46459961, 5766.61572266, 2022.12927246, 5061.31005859, 1554.59191895
130, 72, 433.790863037, 4170.80761719, 247.932525635, 4049.25878906, 1731.91162109
130, 121, -770.133361816, 4926.35888672, -575.893005371, 4922.23779297, 1552.95690918
130, 158, 2036.77612305, 4930.75292969, 2103.04589844, 4928.90478516, 1577.26794434
130, 159, -58.304019928, 23669.3964844, 8.00490474701, 23671.7832031, 1996.11657715
131, 72, 218.308853149, 4052.52685547, 218.475326538, 4048.83447266, 1703.25097656
131, 158, 2035.97180176, 4927.01220703, 2039.14013672, 4933.97216797, 1502.05029297
131, 121, -761.997558594, 4788.03759766, -572.217346191, 4796.07226563, 1590.70935059
132, 121, -725.763427734, 4055.3918457, -644.914916992, 4290.89990234, 1505.82104492
132, 72, 231.281066895, 4922.93261719, 133.862915039, 4931.85449219, 1629.48999023
132, 161, 2372.49853516, 4801.13183594, 2468.45214844, 4799.14355469, 1382.57177734
133, 72, 232.239257813, 5059.87304688, 134.301422119, 5064.52539063, 1740.28222656
133, 121, -724.728393555, 4048.64453125, -552.035217285, 4291.72558594, 1510.90881348
133, 161, 2511.38964844, 4292.66943359, 2541.46557617, 4291.32666016, 1429.14978027
134, 121, -678.02142334, 3701.68774414, -500.430114746, 3702.5612793, 1565.69421387
134, 72, 227.78994751, 4801.04492188, -26.9992294312, 5197.25244141, 1726.07202148
135, 72, 203.009750366, 5334.98681641, -29.7909584045, 5619.87402344, 1755.10253906
135, 121, -678.333129883, 3701.85107422, -481.32598877, 3164.65380859, 1569.02819824
135, 162, -1290.14233398, 15353.0751953, -1288.29736328, 15326.796875, 1163.703125
136, 72, 38.7450141907, 5909.26074219, -64.6289291382, 5912.93212891, 1772.80224609
136, 121, -540.122558594, 3166.52514648, -477.882385254, 3063.66479492, 1555.43347168
137, 72, -30.5385513306, 6060.6796875, -203.31161499, 6062.17285156, 1772.80224609
137, 121, -491.350006104, 2661.15966797, -467.23324585, 2759.2734375, 1503.85473633
138, 72, -31.3981895447, 6218.046875, -202.068862915, 6069.73291016, 1734.85681152
138, 121, -481.422821045, 2382.0925293, -434.00579834, 2566.82397461, 1547.03063965
139, 121, -452.520935059, 2291.72583008, -397.298553467, 2289.03320313, 1536.63439941
139, 72, -31.7810573578, 6698.03515625, -102.237731934, 6536.40429688, 1732.51953125
140, 121, -447.169342041, 2193.22363281, -281.122283936, 1845.42114258, 1487.37402344
140, 72, -67.2746124268, 6863.13574219, -137.040359497, 6536.03613281, 1678.83935547
141, 121, -450.68057251, 2284.89233398, -308.759094238, 1930.66577148, 1549.73535156
141, 72, -67.8574981689, 7035.06884766, -139.485977173, 6866.66650391, 1711.96179199
142, 121, -447.051483154, 1434.921875, -275.132843018, 1595.25732422, 1538.75317383
142, 72, -182.010910034, 7387.57421875, -107.272644043, 7388.58496094, 1758.62683105
143, 121, -429.553375244, 977.612060547, -298.579864502, 1510.84765625, 1536.17138672
143, 72, -218.340560913, 7376.80664063, -256.436126709, 7375.96533203, 1794.40136719
144, 121, -429.764434814, 976.375488281, -359.125946045, 1049.95007324, 1536.3815918
144, 72, -219.308929443, 7391.34521484, -258.004882813, 7560.21484375, 1740.03930664
145, 72, -270.971252441, 8510.81640625, -191.680099487, 8315.91308594, 1800.45092773
145, 121, -427.152862549, 902.240600586, -386.056488037, 418.680206299, 1496.60253906
146, 72, -229.882614136, 8321.00683594, -271.934356689, 8516.31445313, 1793.3671875
146, 121, -494.689117432, 831.133911133, -386.271972656, 413.33493042, 1525.51757813
147, 72, -274.127532959, 8720.7421875, -319.014038086, 8924.12695313, 1691.53894043
147, 121, -564.359558105, -89.9187088013, -400.734069824, 218.031768799, 1567.76721191
148, 121, -653.654785156, -388.147064209, -375.411773682, 92.6805496216, 1531.96875
148, 72, -276.18069458, 8726.71972656, -357.93939209, 8933.41894531, 1733.2052002
149, 72, -276.896820068, 8919.80859375, -320.77154541, 8928.10644531, 1755.23242188
149, 121, -663.278503418, -554.365356445, -416.190643311, 29.9275608063, 1535.59594727
150, 121, -663.892456055, -556.697631836, -545.276794434, -826.341918945, 1515.91784668
150, 72, -239.59777832, 9148.10644531, -322.576690674, 9144.60742188, 1769.43530273
151, 121, -659.800170898, -610.959838867, -639.305603027, -1228.60083008, 1545.89672852
151, 72, -206.639862061, 9802.81933594, -333.583251953, 9801.92675781, 1709.47827148
152, 121, -716.616027832, -979.309326172, -642.100769043, -1180.17358398, 1533.73852539
152, 72, -244.840057373, 9581.74511719, -334.515594482, 9805.46289063, 1691.55908203
153, 72, -167.18258667, 10277.9716797, -345.549530029, 10504.4931641, 1727.92480469
153, 121, -756.283325195, -1685.87060547, -648.428649902, -1370.95446777, 1544.93847656
154, 121, -731.023864746, -1981.9979248, -626.30255127, -1417.8918457, 1561.67553711
154, 72, -213.538482666, 10515.3251953, -346.534973145, 10518.9580078, 1657.55895996
155, 72, -345.26071167, 10514.8173828, -387.822906494, 10519.4111328, 1570.1965332
155, 121, -745.117736816, -2021.03320313, -605.806213379, -1981.99328613, 1473.99682617
156, 121, -724.337280273, -2062.81713867, -615.296325684, -2553.17285156, 1534.17504883
156, 72, -348.387908936, 10769.4091797, -392.293579102, 10770.5488281, 1834.33935547
157, 72, -395.879547119, 11029.2460938, -404.261169434, 11275.3691406, 1718.56762695
157, 121, -755.796875, -2102.65844727, -637.094848633, -2693.12011719, 1541.03527832
158, 72, -400.729431152, 11283.9736328, -454.986358643, 11548.3105469, 1714.46032715
158, 121, -759.737915039, -2956.5324707, -621.35736084, -2692.46679688, 1544.15087891
159, 121, -744.137695313, -3409.07348633, -621.499633789, -2692.39355469, 1564.01647949
159, 72, -405.311676025, 11541.4501953, -460.464294434, 11817.2402344, 1719.20959473
160, 121, -755.799743652, -3437.67919922, -627.726074219, -3204.94262695, 1521.91784668
160, 72, -430.076934814, 12665.2167969, -524.070556641, 12660.7324219, 1691.25646973
160, 174, 1285.94213867, 18698.6367188, 1165.44836426, 18698.5078125, 1728.49560547
161, 121, -755.802124023, -3438.75, -662.059204102, -3934.97680664, 1598.63720703
161, 72, -431.774810791, 12670.7314453, -573.207824707, 12663.9501953, 1522.53271484
162, 121, -675.686401367, -3934.84521484, -647.698059082, -4213.98730469, 1531.2454834
162, 72, -437.674346924, 12978.390625, -580.782775879, 12973.3681641, 1533.09143066
163, 121, -771.669921875, -4169.98291016, -647.679077148, -4215.34375, 1503.92590332
163, 72, -484.69342041, 12987.4277344, -727.139526367, 12984.1865234, 1579.83203125
164, 121, -850.56640625, -4728.54736328, -659.979919434, -4214.90869141, 1600.25158691
164, 72, -678.448730469, 12997.5146484, -729.651672363, 12993.0253906, 1330.76904297
165, 72, -595.820922852, 13608.8212891, -785.496765137, 13305.2402344, 1604.19433594
165, 121, -829.176208496, -4875.53076172, -776.802490234, -4236.45703125, 1508.2154541
165, 176, 906.281677246, 16510.9277344, 905.795776367, 16500.0117188, 1307.5222168
166, 121, -829.38470459, -4874.50732422, -725.285827637, -5032.23193359, 1488.64135742
166, 72, -777.20703125, 14617.5019531, -817.644470215, 14271.6806641, 1542.69299316
167, 72, -829.379699707, 14615.4462891, -821.966247559, 14275.9755859, 1576.65942383
167, 121, -944.734741211, -5526.90917969, -682.300292969, -5527.11132813, 1457.14196777
168, 121, -826.088623047, -5275.47900391, -692.168762207, -5527.1015625, 1354.33813477
168, 72, -790.380126953, 14972.4375, -842.733581543, 14968.6748047, 1519.63220215
168, 178, 881.328735352, 15733.1552734, 882.415039063, 15727.1904297, 1382.65087891
169, 121, -923.606445313, -5527.03076172, -692.63269043, -5527.25683594, 1228.11657715
169, 72, -838.857421875, 14965.6025391, -841.815124512, 14965.6269531, 1548.40942383
172, 190, -870.302429199, 15724.0566406, -870.745727539, 15716.6171875, 1382.75549316
172, 72, -58.3971214294, 23019.3046875, -64.2291717529, 23025.5722656, 1572.2175293
173, 190, -871.454223633, 15726.3242188, -919.33984375, 15723.3359375, 1382.75549316
174, 198, -877.967163086, 16109.2158203, -881.427490234, 16112.5097656, 1606.87573242
174, 199, -1563.8482666, 12991.9814453, -1561.91015625, 12975.8525391, 1150.65148926
175, 202, -834.385437012, 16496.2402344, -889.540161133, 16495.9003906, 1349.13269043
176, 202, -613.695373535, 16504.7246094, -768.487487793, 16097.0537109, 1296.01721191
177, 208, 841.587463379, 12991.9492188, 793.954406738, 12987.5214844, 1533.08752441
177, 202, -599.749206543, 18652.6386719, -600.304077148, 18672.8496094, 2071.00610352
178, 211, -905.73614502, 15319.5498047, -908.701477051, 15324.2470703, 1484.03979492
179, 213, 889.279846191, 12969.2285156, 937.241271973, 12964.8525391, 1809.69848633
179, 211, -748.280029297, 13610.9746094, -787.910339355, 13307.609375, 1556.49743652
180, 211, -462.528442383, 14609.5068359, -673.462036133, 14612.1660156, 1932.06750488
180, 213, 1021.84771729, 12670.6435547, 878.734191895, 12662.9384766, 1761.53601074
181, 211, -468.023071289, 14973.5224609, -477.786468506, 15317.8496094, 1883.99108887
181, 213, 1068.45629883, 12665.0996094, 962.208435059, 12389.3330078, 1829.32385254
182, 211, -367.219177246, 15346.1367188, -420.520019531, 15347.6611328, 1665.8125
182, 213, 1075.9407959, 11819.2382813, 1031.89440918, 11816.6142578, 2107.57299805
184, 213, 1039.92797852, 11029.4560547, 1007.54907227, 11275.5859375, 1856.22314453
184, 217, 6.83537912369, 15353.9072266, -44.9409294128, 15351.4433594, 1796.65148926
186, 214, 1040.95373535, 11022.8662109, 1028.83532715, 10781.7792969, 1339.81555176
187, 221, 1029.35546875, 10769.1640625, 1027.31970215, 10763.3085938, 1522.3215332
187, 222, -360.758850098, 19168.6640625, -480.471282959, 19159.7460938, 1337.33154297
188, 221, 1006.05267334, 10271.5654297, 1003.31048584, 10273.5654297, 1601.69116211
188, 222, -55.2276954651, 19167.7753906, -360.508178711, 19172.4550781, 1498.88098145
189, 221, 1032.99438477, 10035.9423828, 993.383178711, 10038.2421875, 1584.80847168
190, 221, 1001.14929199, 9361.14648438, 981.196533203, 9807.12011719, 1607.29467773
191, 221, 1001.47393799, 9357.88476563, 1000.00311279, 9362.20898438, 1607.49157715
191, 226, -184.276397705, 20179.8730469, -242.491714478, 19661.90625, 1462.36218262
192, 221, 979.933898926, 8922.12207031, 979.799255371, 8927.62988281, 1617.03137207
194, 225, -335.304992676, -5527.37353516, -502.519378662, -5527.37890625, 1091.69775391
194, 224, 306.371002197, -5527.22363281, 159.105728149, -5526.92480469, 1299.02124023
194, 221, 1211.2421875, 8728.90917969, 1101.28771973, 8926.09570313, 1555.08764648
194, 234, -57.3383903503, 23007.5820313, -55.7999229431, 22986.6132813, 1226.61364746
195, 224, 253.528884888, -5527.20019531, 243.01802063, -5527.25927734, 1469.47644043
195, 225, -352.674621582, -5412.35058594, -482.216522217, -5527.05029297, 1287.18933105
195, 221, 1236.80688477, 8510.49511719, 1118.24145508, 8512.68457031, 1469.55578613
196, 221, 1237.73449707, 8511.12890625, 1157.32067871, 8513.10351563, 1469.71948242
196, 224, 306.858581543, -5147.98095703, 187.178543091, -4998.36376953, 1422.08105469
196, 225, -354.477050781, -5396.15136719, -471.871185303, -5165.04199219, 1297.28320313
197, 224, 377.622375488, -4552.66894531, 188.640106201, -4980.83740234, 1478.35302734
197, 225, -360.530700684, -5306.20410156, -545.974975586, -4857.41748047, 1419.7791748
197, 221, 1174.65209961, 7568.984375, 1174.32495117, 7566.83007813, 1666.88806152
198, 224, 311.203094482, -4387.73144531, 201.372573853, -4928.33203125, 1545.95690918
198, 225, -435.834442139, -4893.52197266, -571.330932617, -4838.83740234, 1343.1550293
198, 235, 1174.35253906, 7559.20947266, 1174.38171387, 7561.03027344, 1688.29931641
199, 225, -497.345153809, -4573.91113281, -547.862426758, -4839.20556641, 1348.78015137
199, 224, 310.629699707, -4409.79443359, 207.125686646, -4431.27490234, 1493.51025391
199, 221, 1200.02050781, 7391.61621094, 1186.42114258, 7747.36572266, 1538.0760498
200, 225, -523.775634766, -4259.64306641, -586.248535156, -4689.99365234, 1448.30505371
200, 221, 1251.77807617, 7036.80078125, 1153.5670166, 7211.81542969, 1564.39318848
200, 224, 324.874267578, -4366.75, 113.600471497, -3910.83447266, 1502.7479248
201, 225, -523.785644531, -4259.08398438, -645.159301758, -4100.69482422, 1364.02648926
201, 224, 318.050476074, -4258.94580078, 73.781036377, -3708.25366211, 1564.76831055
201, 221, 1203.78173828, 6861.77587891, 1152.29907227, 7212.85888672, 1590.26550293
202, 224, 232.638595581, -3654.68164063, 59.4624633789, -3681.89892578, 1460.42492676
202, 225, -529.791015625, -4192.55615234, -692.656005859, -3630.39208984, 1414.7130127
202, 221, 1191.85168457, 6700.95117188, 1176.33764648, 7033.1640625, 1576.45617676
203, 225, -545.589355469, -4006.97875977, -692.284545898, -3628.59008789, 1422.60961914
203, 224, 124.738090515, -3235.66967773, 73.9405136108, -3657.02050781, 1517.81860352
203, 221, 1158.67895508, 6215.69970703, 1125.32287598, 6220.35693359, 1595.28601074
204, 225, -606.768554688, -3438.82836914, -677.913391113, -3628.3605957, 1345.94433594
204, 224, 75.3723754883, -3548.47973633, 73.784828186, -3656.18481445, 1566.43994141
204, 221, 1217.09350586, 6060.54394531, 1182.7755127, 6063.7421875, 1445.0625
205, 225, -628.693481445, -2989.26831055, -702.943237305, -3521.43725586, 1427.79296875
205, 221, 1182.19665527, 6058.31347656, 1354.26062012, 6059.43603516, 1519.51342773
205, 224, 111.712173462, -3020.85131836, -13.4580163956, -2956.53759766, 1501.58447266
206, 221, 1352.87365723, 5617.61279297, 1295.52124023, 5762.43408203, 1578.34423828
206, 225, -631.445678711, -2958.23852539, -734.518432617, -3205.62573242, 1415.70568848
206, 224, 97.7596054077, -2957.14526367, -95.2321014404, -2760.39746094, 1463.49243164
207, 224, 98.5802230835, -2892.57910156, -133.792510986, -2333.33032227, 1539.02770996
207, 225, -634.388427734, -2924.54150391, -722.739624023, -2657.88964844, 1388.85717773
207, 221, 1305.71044922, 5064.93017578, 1316.80480957, 5196.86865234, 1551.34020996
207, 240, -66.1009292603, 28006.2109375, -65.4502487183, 27221.2890625, 1687.45056152
208, 224, 36.4884872437, -2333.62768555, -134.43196106, -2332.58691406, 1464.69213867
208, 225, -636.756835938, -2892.12207031, -728.341247559, -2408.77709961, 1421.02905273
208, 221, 1305.61816406, 5060.99511719, 1339.90026855, 5061.37744141, 1517.19750977
209, 224, 20.7909526825, -2062.20532227, -136.995010376, -2220.17724609, 1494.17626953
209, 225, -676.484985352, -2409.88110352, -722.08996582, -2295.74951172, 1422.72302246
209, 221, 1348.65332031, 4798.74951172, 1326.43164063, 4921.15429688, 1554.32019043
210, 225, -688.026672363, -2062.09570313, -745.348022461, -2219.71923828, 1419.61755371
210, 224, 58.8628463745, -1599.31738281, -137.309005737, -2142.77050781, 1519.71203613
210, 221, 1492.97351074, 4662.32373047, 1431.21582031, 4664.24169922, 1514.98071289
211, 224, 114.059631348, -1599.27026367, -125.662696838, -1728.50842285, 1493.36633301
211, 221, 1463.72753906, 4664.29931641, 1526.23266602, 4664.20214844, 1533.97167969
211, 225, -659.763366699, -1732.08508301, -731.693237305, -2181.62524414, 1488.30871582
212, 225, -684.989257813, -1643.43603516, -817.447509766, -1415.50097656, 1387.34265137
212, 221, 1423.72277832, 3937.49609375, 1621.95483398, 3819.8659668, 1552.98156738
212, 224, 116.342819214, -1464.0447998, -37.1401748657, -1082.92736816, 1556.37573242
213, 225, -676.60760498, -1509.16687012, -795.41217041, -1228.30200195, 1417.57727051
213, 224, 96.3587875366, -1598.00817871, -17.7235336304, -978.659606934, 1605.34863281
213, 221, 1421.79406738, 3933.15600586, 1621.32324219, 3814.0078125, 1584.94042969
213, 241, -68.5417709351, 28844.2285156, -67.8464584351, 28820.1230469, 1483.06774902
214, 225, -698.631103516, -1464.11242676, -810.866577148, -1032.1282959, 1444.88842773
214, 224, 121.825973511, -981.765808105, -18.414434433, -827.222595215, 1498.37548828
214, 221, 1412.40026855, 3813.92529297, 1608.38342285, 3707.44213867, 1575.13623047
215, 225, -671.279724121, -773.828735352, -804.362182617, -878.557556152, 1385.89038086
215, 224, 128.003448486, -555.841430664, -37.9267234802, -773.005493164, 1545.93200684
215, 221, 1377.94152832, 3163.6484375, 1444.37145996, 3268.6484375, 1603.79516602
216, 224, 112.232444763, -94.1179580688, -18.274646759, -720.290222168, 1559.21875
216, 225, -646.83392334, -500.641052246, -800.036315918, -930.098205566, 1439.2454834
216, 221, 1357.68518066, 2959.65649414, 1462.28271484, 3163.21313477, 1559.61206055
217, 224, 90.6539764404, -93.1508712769, -40.8435440063, 29.6416416168, 1466.54418945
217, 225, -640.48626709, -273.080657959, -844.703735352, -387.56262207, 1381.74914551
217, 221, 1457.35375977, 2858.92163086, 1513.57470703, 2860.33105469, 1577.18640137
218, 224, 68.7183532715, -90.6125259399, -110.685874939, 347.197845459, 1519.59362793
218, 225, -647.837463379, -154.657043457, -739.798339844, -90.3393478394, 1424.86560059
218, 221, 1476.77697754, 2291.79833984, 1354.18334961, 2663.55151367, 1567.93908691
219, 225, -644.263427734, -212.286010742, -676.75604248, -33.0673866272, 1459.62133789
219, 224, 91.8132019043, 29.5408611298, -42.4487342834, 416.912994385, 1541.74267578
219, 221, 1454.48120117, 2103.71191406, 1315.89916992, 2291.19458008, 1580.2689209
220, 221, 1418.50964355, 2018.7520752, 1306.10424805, 2192.41015625, 1578.5135498
220, 224, 3.92400360107, 550.811157227, -67.6699142456, 688.77923584, 1509.89550781
220, 225, -569.775634766, 413.449249268, -641.248596191, 484.084228516, 1375.18286133
221, 225, -572.061279297, 482.09463501, -603.289672852, 618.360534668, 1422.15197754
221, 224, 51.4772186279, 976.362731934, -115.591995239, 828.160522461, 1553.7689209
221, 221, 1381.4005127, 1678.82177734, 1380.61975098, 1680.93676758, 1591.71228027
222, 225, -474.636169434, 900.815856934, -606.177307129, 687.191772461, 1430.81774902
222, 224, 78.1173934937, 1433.80078125, -70.1599960327, 1277.9934082, 1491.35961914
222, 221, 1377.83508301, 1436.09692383, 1369.01000977, 1356.32629395, 1556.44396973
223, 224, 104.262390137, 1516.34558105, -20.4526576996, 1510.10876465, 1496.16906738
223, 225, -429.349243164, 978.156677246, -577.928161621, 1050.18115234, 1390.52233887
223, 221, 1483.71984863, 1278.26306152, 1393.52124023, 1356.04040527, 1573.18762207
224, 224, 128.891708374, 1510.93310547, -21.1150722504, 1516.44689941, 1521.23522949
224, 225, -417.295440674, 1278.01843262, -542.539245605, 1356.65380859, 1384.59155273
224, 221, 1507.99194336, 903.176635742, 1343.1854248, 1123.4864502, 1534.01855469
225, 224, 154.507080078, 1599.33251953, -21.5099182129, 1677.3581543, 1538.05712891
225, 225, -423.796051025, 1516.85754395, -477.314880371, 1592.81896973, 1403.21069336
225, 221, 1435.80749512, 351.592651367, 1316.48461914, 904.843933105, 1561.44470215
226, 224, 83.3418121338, 2193.70117188, -22.5507850647, 2192.01879883, 1512.3248291
226, 221, 1443.5925293, 412.601348877, 1300.48815918, 549.662658691, 1535.99938965
226, 225, -410.770324707, 1846.57580566, -464.992919922, 1932.18566895, 1405.94482422
227, 221, 1358.92248535, 281.076446533, 1306.07592773, 217.43208313, 1531.46020508
227, 225, 165.606262207, 2379.91552734, -445.323974609, 2103.79663086, 1373.88293457
228, 221, 1448.88183594, 283.393005371, 1211.2434082, -212.544692993, 1587.63635254
228, 224, 171.240646362, 2858.16479492, 3.4382622242, 2758.31298828, 1486.68603516
228, 225, -424.444854736, 2283.17333984, -504.889129639, 2284.89550781, 1335.41467285
229, 221, 1407.70349121, -30.069480896, 1232.13989258, -214.374206543, 1539.36291504
229, 224, 172.181838989, 2958.45776367, -23.5497989655, 2960.38525391, 1532.23950195
230, 221, 1260.02453613, -980.67175293, 1288.96313477, -444.588165283, 1635.70898438
230, 224, 174.136138916, 3058.71875, -82.6550369263, 3162.77539063, 1485.92822266
231, 224, 174.224182129, 3166.40039063, -421.489807129, 3061.20776367, 1556.26208496
231, 221, 1267.74255371, -772.920043945, 1273.92895508, -720.958679199, 1551.92126465
232, 221, 1253.02319336, -1033.79980469, 1109.09399414, -1082.60546875, 1562.13513184
232, 224, -26.3886260986, 3705.64697266, -115.188354492, 3703.66455078, 1532.32678223
232, 244, -424.5, 3167.01342773, -428.163757324, 3271.55981445, 1369.34362793
233, 221, 1083.41687012, -1463.79772949, 1053.97631836, -1554.19726563, 1574.31958008
234, 221, 1032.98205566, -1732.21130371, 1221.35778809, -1276.10717773, 1578.55505371
235, 221, 1146.89868164, -1981.01025391, 1028.98986816, -1771.78466797, 1591.1427002
235, 244, -25.8151111603, 4292.41699219, -480.024627686, 3941.14746094, 1534.08654785
236, 250, -482.463897705, 4054.96142578, -487.892120361, 4169.31445313, 1426.43676758
236, 244, -25.9854354858, 4538.75634766, -26.8208751678, 4537.07275391, 1549.03137207
236, 221, 1001.07037354, -1857.76257324, 1090.7421875, -2407.90454102, 1605.67041016
237, 221, 973.354248047, -2102.62915039, 1085.80895996, -2445.34619141, 1593.38806152
237, 250, -507.939453125, 4793.33007813, -508.70791626, 4795.82128906, 1341.65905762
237, 244, 4.65436697006, 4929.63037109, -28.1467189789, 4925.796875, 1533.54101563
238, 244, 134.601760864, 5063.00390625, -28.5120067596, 4934.89648438, 1533.63574219
238, 221, 1002.57806396, -2827.40161133, 1057.41394043, -2657.94042969, 1588.57006836
238, 250, -508.972991943, 4794.38964844, -538.70135498, 4797.39794922, 1341.65905762
239, 244, 206.44480896, 5617.73632813, -28.5961074829, 5057.74853516, 1493.54431152
239, 250, -513.048156738, 4927.03222656, -543.703918457, 4930.24902344, 1322.26171875
239, 221, 1064.83642578, -2726.67480469, 1095.1619873, -3175.33569336, 1602.9967041
240, 221, 1082.69616699, -3264.75073242, 1233.19213867, -2693.26147461, 1552.56201172
240, 244, 210.582443237, 5904.69091797, 4.04330730438, 5905.66601563, 1529.54907227
240, 250, -516.745117188, 5057.94384766, -576.96661377, 4934.22460938, 1366.2857666
241, 250, -547.738891602, 5061.78173828, -684.573303223, 5195.66552734, 1366.40881348
241, 221, 1086.99450684, -3235.64648438, 1284.11645508, -3493.05395508, 1598.58337402
241, 252, 107.641685486, 5916.05078125, 6.8055639267, 5916.71777344, 1473.68139648
242, 250, -573.385498047, 5764.68310547, -646.874267578, 5905.65917969, 1415.9987793
242, 221, 1082.20898438, -3265.6940918, 1292.39587402, -3910.20117188, 1585.99694824
242, 244, 177.586380005, 6061.54785156, 6.72901821136, 6061.80566406, 1422.15197754
243, 221, 1151.54858398, -3493.98852539, 1282.78271484, -3959.14355469, 1520.21618652
243, 250, -579.08795166, 5910.07080078, -714.881164551, 5912.20263672, 1447.890625
243, 252, 215.689529419, 6378.36767578, 5.45006275177, 6225.63476563, 1434.0065918
244, 221, 1173.22094727, -4324.43408203, 1242.19287109, -4100.80664063, 1582.96655273
244, 250, -579.942932129, 5914.42675781, -715.872253418, 5915.80566406, 1447.890625
244, 244, 224.17791748, 7035.74902344, 6.68925952911, 7027.99267578, 1487.94421387
245, 252, 260.796203613, 7037.65039063, 43.2470474243, 7032.72070313, 1435.49682617
245, 221, 1210.7869873, -4651.24511719, 1301.7791748, -3934.69995117, 1532.35229492
245, 250, -583.526733398, 6073.97802734, -728.65447998, 6218.77587891, 1369.97021484
246, 221, 1276.15148926, -4573.72753906, 1413.65795898, -4237.74316406, 1411.12304688
246, 252, 267.572967529, 7380.1328125, 192.159378052, 7384.04199219, 1457.90625
246, 250, -623.830688477, 6223.91699219, -770.911315918, 6377.31787109, 1402.90490723
247, 252, 269.357574463, 7391.39648438, 266.685974121, 7390.32226563, 1457.94006348
247, 250, -619.204956055, 7032.61083984, -800.743225098, 7035.59082031, 1390.78588867
247, 221, 1070.10302734, -5116.00439453, 1334.33374023, -5196.95751953, 1614.18994141
248, 250, -618.473999023, 7029.96923828, -770.843017578, 7196.97607422, 1403.60668945
248, 252, 307.78918457, 7564.41796875, 270.810577393, 7563.36621094, 1474.88098145
248, 221, 1057.73217773, -5180.66308594, 1314.57128906, -5276.50830078, 1513.31018066
249, 252, 321.541137695, 8318.19921875, 282.658752441, 8318.99511719, 1489.38647461
249, 250, -624.823730469, 7210.38232422, -735.66595459, 7208.68847656, 1333.74658203
249, 221, 1157.61499023, -5132.57666016, 1310.62060547, -5291.27832031, 1434.74230957
250, 255, -594.240844727, 7391.68798828, -638.21472168, 7568.53515625, 1424.33276367
250, 252, 325.459228516, 8510.89355469, 286.229187012, 8510.12695313, 1431.12316895
250, 254, 790.138183594, -5527.32421875, 539.222106934, -5197.15869141, 1054.58850098
250, 221, 1252.6138916, -5527.31445313, 1189.60327148, -5527.12939453, 1288.48754883
251, 255, -600.273620605, 7565.38378906, -600.423156738, 7562.33349609, 1437.96435547
251, 256, 323.127105713, 8518.26660156, 323.122802734, 8515.25390625, 1467.68347168
251, 254, 747.553710938, -5527.02539063, 536.003967285, -5228.85107422, 1315.1328125
252, 252, 326.863739014, 8727.36328125, 288.007751465, 8727.44628906, 1371.16589355
252, 259, -623.074523926, 8318.93066406, -632.180480957, 8515.65234375, 1427.64038086
252, 254, 652.646118164, -4997.29150391, 537.738098145, -5212.67724609, 1389.0435791
253, 252, 330.117736816, 8939.69238281, 291.424438477, 8940.62695313, 1342.02978516
253, 259, -633.815856934, 8713.23730469, -637.039428711, 8712.76074219, 1381.64221191
253, 254, 689.946655273, -4670.41455078, 544.596069336, -5148.53515625, 1426.21154785
254, 259, -357.359832764, 8727.11230469, -597.091796875, 8718.64941406, 1371.98632813
254, 260, 293.339355469, 9136.31445313, 289.897094727, 8943.62792969, 1342.02978516
254, 254, 699.411010742, -4592.46435547, 571.43762207, -4874.88671875, 1412.71325684
255, 259, -359.068511963, 8921.13671875, -481.065063477, 8921.22167969, 1347.64770508
255, 254, 703.773925781, -4553.6875, 621.898010254, -4237.98486328, 1376.35913086
256, 254, 708.992248535, -4512.97802734, 617.250366211, -4006.40625, 1397.96520996
256, 259, -359.172637939, 8936.29199219, -361.334411621, 8935.88867188, 1342.73937988
256, 260, 293.062103271, 9356.74023438, 294.633056641, 9361.46191406, 1402.85925293
257, 259, -362.178833008, 9146.24023438, -363.848052979, 9148.16015625, 1317.88464355
257, 262, 307.470916748, 10268.1835938, 309.241394043, 10270.3896484, 1441.93640137
257, 254, 781.342346191, -3886.67260742, 653.231445313, -3910.51293945, 1334.05639648
258, 264, -382.168731689, 10276.8935547, -385.720611572, 10276.9482422, 1261.30310059
258, 254, 797.024230957, -3628.50048828, 651.145751953, -3934.44604492, 1402.78149414
259, 264, -346.831787109, 10506.0175781, -344.38848877, 10273.6103516, 1261.19750977
259, 254, 835.829528809, -3294.14355469, 658.325805664, -3860.54785156, 1407.2409668
260, 264, -349.963867188, 10754.3203125, -347.464538574, 10528.6767578, 1151.0201416
260, 254, 820.356384277, -3294.13598633, 723.122802734, -3205.07617188, 1339.15795898
261, 254, 824.003845215, -3265.40600586, 737.566894531, -2892.67358398, 1419.56628418
261, 275, -352.088806152, 10779.0117188, -351.757751465, 10771.8417969, 1036.90344238
262, 254, 858.866516113, -2957.80322266, 711.35748291, -2656.00244141, 1383.78076172
263, 254, 798.005615234, -2621.95703125, 747.177246094, -2623.22827148, 1325.6829834
263, 275, -371.351806641, 12096.6152344, -362.389526367, 11543.1074219, 1017.51263428
264, 254, 822.345947266, -2371.66333008, 714.473205566, -2622.45507813, 1375.82702637
264, 275, -360.652069092, 11551.140625, -355.826324463, 11278.0869141, 1144.35583496
265, 254, 848.941101074, -2101.18481445, 719.850280762, -2370.7175293, 1394.81518555
266, 254, 860.739074707, -1982.71325684, 808.652404785, -1774.86975098, 1366.09094238
267, 254, 872.998352051, -1858.86096191, 745.14440918, -1416.55041504, 1397.82702637
268, 254, 904.599243164, -1554.66577148, 772.410705566, -1324.73059082, 1387.46154785
268, 287, -387.724456787, 13296.5800781, -386.867889404, 13295.5595703, 844.303405762
269, 254, 913.050109863, -1275.7388916, 773.086608887, -1322.08203125, 1366.66027832
270, 254, 841.341552734, -982.768371582, 777.412109375, -1034.41662598, 1358.6550293
271, 254, 864.620483398, -720.048217773, 785.752380371, -928.261291504, 1393.28491211
271, 296, 57.7183532715, 13303.1132813, 8.44687652588, 13299.6669922, 1147.69921875
272, 254, 838.121887207, -554.162353516, 813.750061035, -329.761688232, 1352.26831055
272, 296, 112.66809082, 14613.5605469, 7.99441480637, 13933.8222656, 1128.97753906
273, 254, 838.510681152, -554.356994629, 793.666625977, -30.8468532562, 1370.51293945
274, 254, 913.782836914, -154.322982788, 858.479370117, -31.9872608185, 1414.91430664
275, 254, 912.065795898, 345.789306641, 883.627319336, 283.841156006, 1408.34387207
276, 254, 889.70111084, 349.449432373, 893.902954102, 412.894470215, 1392.59362793
277, 254, 923.769592285, 757.815429688, 887.307495117, 898.673583984, 1422.14086914
278, 254, 930.168640137, 831.033081055, 812.277282715, 1199.94165039, 1438.72924805
279, 254, 964.431091309, 974.56439209, 833.576477051, 1512.56433105, 1402.78527832
280, 254, 985.063964844, 1513.79748535, 859.065124512, 1513.12145996, 1435.32763672
281, 254, 996.88079834, 1676.59411621, 839.874755859, 1596.36621094, 1388.32873535
281, 316, -1454.83862305, 8920.59179688, -1336.9588623, 8934.28417969, 1093.39404297
282, 316, -1409.53479004, 8315.63574219, -1264.5760498, 8515.95800781, 1189.75561523
282, 254, 1024.42785645, 2020.15930176, 882.702514648, 1847.38793945, 1397.50439453
283, 254, 987.528442383, 2198.94702148, 860.733642578, 2288.71459961, 1447.52734375
283, 316, -1280.81213379, 8709.33886719, -1277.26147461, 8707.53222656, 1107.44189453
284, 316, -1188.57531738, 7929.49169922, -1046.00610352, 8123.27099609, 1249.02746582
284, 254, 1020.49462891, 2284.25756836, 849.549499512, 2960.45532227, 1432.24389648
285, 254, 1066.48571777, 2856.00488281, 870.965087891, 2857.24291992, 1432.56506348
285, 316, -930.893859863, 7381.44384766, -928.106384277, 7380.66308594, 1187.59777832
286, 254, 941.319091797, 3064.68115234, 883.606506348, 3059.94824219, 1359.46655273
286, 316, -929.359069824, 7375.97558594, -893.752319336, 7376.17675781, 1222.59375
287, 316, -902.394042969, 6860.92041016, -865.811035156, 6859.93066406, 1187.24401855
287, 254, 911.281616211, 3481.98974609, 897.120727539, 3270.76049805, 1342.56494141
288, 316, -886.311279297, 6536.04296875, -850.28503418, 6535.40039063, 1191.58886719
288, 254, 933.739624023, 3817.29370117, 873.145507813, 3818.09179688, 1341.34423828
289, 254, 940.829040527, 3929.47070313, 849.782836914, 3935.5612793, 1363.59301758
290, 316, -829.92199707, 5474.26269531, -781.809448242, 5198.20117188, 1299.99291992
290, 254, 948.742614746, 4048.62988281, 802.34197998, 4168.86962891, 1384.61877441
291, 316, -815.207214355, 5197.39160156, -743.639709473, 5065.80810547, 1306.15393066
291, 254, 996.187988281, 4789.01074219, 821.88861084, 4539.60644531, 1530.23913574
292, 316, -796.117919922, 4798.22802734, -794.769287109, 4793.32910156, 1300.12658691
292, 254, 972.703796387, 4924.16503906, 805.63861084, 4795.03027344, 1456.52172852
293, 316, -922.873535156, 4795.47949219, -795.762695313, 4790.86816406, 1362.86462402
293, 254, 981.150085449, 5061.85546875, 812.700622559, 4929.82128906, 1450.09143066
294, 316, -947.275695801, 4169.48828125, -764.311035156, 4168.32910156, 1368.51208496
294, 254, 956.842102051, 5194.86132813, 818.308837891, 5061.50537109, 1526.12976074
295, 316, -901.703430176, 3929.0324707, -751.412353516, 3936.97631836, 1293.80578613
295, 254, 1015.6496582, 5619.00390625, 914.380615234, 5618.98095703, 1507.92700195
296, 316, -857.976867676, 3707.33056641, -745.031860352, 3814.95678711, 1354.41479492
296, 254, 1034.51806641, 5911.55419922, 863.153686523, 5917.97021484, 1447.53466797
297, 316, -875.111999512, 3056.42163086, -784.731079102, 2961.07226563, 1320.38891602
297, 254, 905.936645508, 6076.20458984, 872.993591309, 6074.28417969, 1157.95422363
298, 316, -898.408325195, 2960.94750977, -813.030578613, 2954.14819336, 1328.28125
298, 254, 922.496337891, 7033.78857422, 912.760803223, 6861.95996094, 1140.85205078
299, 316, -906.073791504, 2663.62402344, -843.770202637, 2567.20898438, 1318.94384766
299, 254, 1067.640625, 7033.49072266, 885.071105957, 7030.26074219, 1437.17541504
300, 316, -862.743103027, 2017.91577148, -847.497680664, 2192.12426758, 1348.94970703
300, 254, 985.755126953, 6863.72167969, 891.733032227, 7200.76708984, 1518.19384766
301, 316, -868.663269043, 2105.06665039, -834.819458008, 2018.06982422, 1373.35400391
301, 254, 1004.45245361, 7204.73144531, 892.110473633, 7213.90625, 1397.39648438
302, 316, -830.56060791, 1201.63195801, -795.581420898, 1049.25622559, 1343.08190918
302, 254, 941.645019531, 7392.71972656, 902.690612793, 7390.21777344, 1459.60925293
303, 254, 912.119140625, 7569.32958984, 910.177246094, 7564.05419922, 1402.18908691
303, 316, -873.647277832, 1124.41625977, -790.090820313, 974.995910645, 1333.66650391
304, 316, -969.459594727, 827.788696289, -785.845092773, 900.032470703, 1356.60339355
304, 254, 919.455566406, 7748.15869141, 882.902587891, 7749.85009766, 1437.95922852
305, 316, -924.507202148, 281.984375, -784.940002441, 899.277709961, 1251.92248535
305, 254, 948.833312988, 8318.19628906, 918.422302246, 8514.74511719, 1454.84399414
305, 323, 497.486633301, 23023.5410156, 498.275604248, 23033.5214844, 1207.44458008
306, 316, -918.49822998, 219.35647583, -862.20892334, 92.1048431396, 1274.19506836
306, 254, 958.87902832, 8517.82910156, 920.448120117, 8520.05273438, 1402.66674805
307, 316, -887.88861084, -387.26574707, -893.311096191, -558.464477539, 1309.07043457
307, 254, 942.402770996, 8935.96289063, 941.74798584, 8931.68066406, 1387.08117676
308, 316, -976.539428711, -557.494995117, -863.212890625, -666.396057129, 1289.14660645
308, 254, 1032.76330566, 10033.7177734, 1020.92327881, 9801.34570313, 1293.36169434
309, 316, -1001.29821777, -929.752929688, -935.276245117, -773.043395996, 1314.60046387
309, 254, 1032.50061035, 10033.4023438, 984.42791748, 9807.29980469, 1318.76733398
310, 316, -918.542663574, -1554.71032715, -936.15802002, -1370.4029541, 1333.25952148
310, 254, 1045.11706543, 10277.8457031, 1044.50720215, 10275.6298828, 1307.2611084
311, 316, -950.485229492, -1419.93493652, -869.912963867, -1464.50817871, 1322.69616699
311, 254, 1057.14453125, 10515.2851563, 1056.6973877, 10514.3525391, 1221.70556641
312, 316, -890.108947754, -1815.18835449, -971.059509277, -2220.47802734, 1347.86853027
312, 325, 1.71455407143, -4997.95605469, -82.8154296875, -5527.28027344, 1427.44250488
312, 328, 1057.17565918, 10515.4423828, 1057.13916016, 10512.6542969, 1180.4317627
313, 316, -971.792419434, -2063.71166992, -949.815612793, -2407.20288086, 1332
313, 325, 1.12255525589, -4946.31494141, -97.414390564, -5322.02734375, 1488.67858887
313, 328, 1043.62329102, 11015.3271484, 1069.36694336, 10775.3623047, 1038.02526855
314, 325, 1.6920645237, -4928.29003906, -106.821563721, -4765.94482422, 1453.91809082
314, 316, -1073.28540039, -2623.37402344, -945.616760254, -2446.02856445, 1372.56921387
315, 316, -995.190734863, -3205.98779297, -971.640930176, -2369.86669922, 1361.5559082
315, 325, 2.378937006, -4728.72314453, -103.479011536, -4213.80273438, 1498.27404785
316, 325, 15.0087957382, -4169.46337891, -103.331329346, -4215.26855469, 1436.64331055
316, 316, -999.446533203, -3176.04492188, -875.269104004, -3175.44750977, 1332.17736816
317, 325, -135.648742676, -3958.88037109, -106.480407715, -4078.35888672, 1522.4251709
317, 316, -869.078430176, -3934.41162109, -882.20489502, -3934.69726563, 1384.32897949
318, 325, -128.130569458, -3628.22851563, -155.984344482, -3682.86450195, 1514.71911621
318, 316, -902.420043945, -3785.52392578, -866.540161133, -4054.3828125, 1327.52392578
319, 325, -117.332046509, -3380.21435547, -243.282653809, -3205.04882813, 1466.27685547
319, 316, -944.883239746, -4258.70166016, -853.268371582, -4055.31811523, 1339.84436035
319, 334, 1179.65698242, 12983.4804688, 1180.09802246, 12977.4013672, 1038.43713379
320, 316, -786.682312012, -4839.22363281, -844.215515137, -4324.46435547, 1310.08789063
320, 325, -121.356422424, -3143.92944336, -278.017852783, -2658.48095703, 1494.34118652
321, 316, -787.023498535, -4838.60693359, -687.996948242, -4765.60742188, 1200.27966309
321, 325, -147.55859375, -2587.41723633, -279.188415527, -2622.52954102, 1460.19177246
321, 338, 1181.40307617, 12991.75, 1181.98669434, 12993.4287109, 1238.00170898
322, 325, -297.932647705, -2061.44897461, -286.774108887, -2409.79272461, 1504.4777832
322, 316, -762.24395752, -5099.13525391, -587.323730469, -5527.08105469, 1227.02368164
322, 339, 1197.83666992, 13286.2060547, 1198.6529541, 13295.2421875, 1203.19958496
323, 325, -285.110900879, -1940.67553711, -355.019744873, -1982.40917969, 1450.12194824
323, 316, -709.040405273, -5244.40136719, -587.061340332, -5527.26464844, 1088.81408691
323, 340, 1215.70935059, 13618.2119141, 1216.32873535, 13617.4287109, 1173.69274902
324, 325, -291.091949463, -1730.02062988, -395.710601807, -1463.40197754, 1492.40551758
325, 325, -263.902252197, -1417.14855957, -356.17880249, -981.616027832, 1471.43798828
326, 325, -257.980773926, -928.379577637, -356.824768066, -979.077514648, 1457.30834961
327, 325, -277.134552002, -214.850402832, -362.223236084, -825.362609863, 1521.18554688
328, 325, -257.391113281, -152.389358521, -366.907745361, -157.14515686, 1465.36218262
329, 325, -301.738128662, -91.8678817749, -400.720092773, 218.979553223, 1498.66052246
330, 325, -224.658294678, 350.381713867, -387.870117188, 484.555297852, 1484.95690918
331, 325, -235.387741089, 903.437805176, -400.186157227, 829.644165039, 1507.65783691
332, 325, -246.69367981, 1434.81811523, -403.171875, 902.79901123, 1512.24816895
333, 325, -248.386077881, 1515.35510254, -423.796600342, 1512.06005859, 1480.90185547
334, 325, -249.650390625, 1597.07531738, -405.157012939, 1676.70361328, 1487.53613281
335, 325, -236.461791992, 2199.93945313, -370.461303711, 2283.40966797, 1486.37316895
336, 325, -244.847793579, 2758.23168945, -373.214630127, 2380.7644043, 1503.85473633
337, 325, -250.145080566, 2961.98510742, -409.448791504, 2663.32202148, 1514.22595215
338, 325, -254.229553223, 3165.98999023, -451.777954102, 3163.15991211, 1471.67675781
339, 325, -260.475158691, 3592.06396484, -462.797424316, 3482.4921875, 1549.85180664
340, 325, -266.356689453, 3820.36914063, -509.253479004, 3930.11401367, 1468.03710938
341, 325, -458.691558838, 4289.03271484, -513.877746582, 4052.98339844, 1490.08325195
342, 325, -532.007873535, 4536.45849609, -618.916931152, 4411.44335938, 1490.453125
343, 325, -576.574768066, 4926.08398438, -768.807495117, 4927.60449219, 1484.31140137
344, 325, -577.159912109, 4922.39697266, -802.342346191, 4933.80712891, 1549.15881348
345, 325, -669.878295898, 5617.80664063, -870.884643555, 5618.54199219, 1491.19433594
346, 325, -852.99432373, 5917.96044922, -921.952209473, 5917.04931641, 1445.24743652
347, 325, -903.700134277, 6218.66894531, -1068.83081055, 6073.42822266, 1425.50793457
348, 325, -965.156066895, 6699.74316406, -1146.21142578, 6701.58935547, 1451.27270508
349, 325, -964.995056152, 6696.60888672, -1191.77441406, 6861.00341797, 1558.27905273
350, 325, -967.405212402, 7380.01171875, -1190.35241699, 7380.97412109, 1519.15771484
351, 325, -1115.80383301, 7390.92285156, -1239.50561523, 7560.31738281, 1501.65649414
352, 325, -1203.97070313, 7566.19921875, -1291.93945313, 7744.19482422, 1480.54418945
353, 325, -1303.95532227, 8516.46972656, -1398.52856445, 8708.56152344, 1473.15063477
354, 325, -1319.51184082, 8724.24414063, -1399.02355957, 8717.046875, 1385.74536133
355, 325, -1332.73303223, 8933.06542969, -1494.6640625, 8919.62792969, 1390.91577148
356, 325, -1431.69812012, 9147.61914063, -1635.1463623, 9146.7890625, 1487.2956543
357, 325, -1602.31262207, 8725.42773438, -1641.40576172, 8712.97558594, 1583.41259766
358, 325, -1657.4909668, 8932.58203125, -1736.22167969, 9357.45800781, 1597.85961914
359, 325, -1430.01623535, 6215.96386719, -1451.71826172, 6071.16943359, 1844.9934082
363, 380, 1165.2064209, 12683.9130859, 1167.60473633, 12673.9140625, 831.550292969
364, 381, 1136.03125, 12097.9550781, 1126.75488281, 11816.9580078, 1018.72790527
366, 384, 1057.92016602, 10520.7724609, 1058.91662598, 10514.9970703, 1180.55725098
367, 386, 1035.38024902, 10034.2216797, 995.060424805, 10036.1787109, 1307.2611084
368, 386, 972.116821289, 9576.20507813, 959.300170898, 9361.546875, 1318.76733398
369, 387, 969.753723145, 9579.09570313, 962.042297363, 9361.46484375, 1279.59387207
370, 386, 929.17578125, 8720.24414063, 967.319702148, 8716.02441406, 1358.78601074
370, 388, -563.478088379, 23650.5820313, -562.021362305, 23639.8085938, 1741.04724121
371, 389, 926.911743164, 8721.27539063, 968.965576172, 8709.40722656, 1402.39855957
371, 388, -564.937805176, 23672.9375, -562.99206543, 23665.1328125, 2171.88232422
372, 389, 947.885559082, 8319.16699219, 941.065429688, 8127.1171875, 1455.02319336
373, 389, 920.067260742, 7746.15185547, 920.44354248, 7748.48486328, 1362.21362305
374, 389, 912.418212891, 7562.6328125, 948.242858887, 7559.89111328, 1424.51049805
375, 389, 930.531311035, 7200.16162109, 1139.94812012, 7037.17333984, 1512.28613281
376, 389, 913.56640625, 6863.50341797, 1098.02429199, 6378.09765625, 1469.1060791
377, 389, 1072.71850586, 6534.51367188, 1086.7355957, 6218.87304688, 1436.01806641
378, 389, 1086.60510254, 6218.28417969, 1076.3145752, 6061.20410156, 1408.42297363
379, 389, 1034.92443848, 5918.80224609, 1068.58984375, 5910.86035156, 1448.08825684
380, 389, 1013.84637451, 5063.57763672, 1230.06091309, 4933.59228516, 1419.94152832
381, 389, 1014.13092041, 5060.98046875, 1250.20446777, 4796.15478516, 1434.32409668
382, 389, 1021.01843262, 4664.24462891, 1208.68261719, 4667.95996094, 1421.14306641
383, 389, 1039.67333984, 4054.76147461, 1061.88305664, 3938.63769531, 1448.81628418
384, 389, 971.699523926, 3931.56860352, 1152.29150391, 3939.92919922, 1482.99084473
384, 392, -546.744750977, 19161.6464844, -545.254577637, 19152.6777344, 1506.15039063
385, 389, 985.180847168, 3705.87890625, 1146.11010742, 3483.63867188, 1456.7956543
386, 389, 955.697753906, 3269.22338867, 1103.5645752, 2961.2644043, 1484.97167969
387, 389, 907.021362305, 2566.59887695, 1070.06079102, 2568.46386719, 1505.30480957
388, 389, 882.006591797, 2196.10009766, 1039.27661133, 2198.77587891, 1520.35461426
389, 389, 875.017211914, 2107.85571289, 1073.97668457, 2286.12817383, 1524.54858398
390, 389, 908.817749023, 1846.71630859, 1017.35290527, 1593.47094727, 1459.36987305
391, 389, 941.055541992, 1593.78527832, 984.252319336, 1200.13989258, 1461.43212891
391, 396, -512.152526855, 17335.7128906, -510.572021484, 17326.3320313, 797.075012207
392, 389, 940.167907715, 976.048156738, 787.103942871, 830.921447754, 1460.66113281
393, 389, 965.51550293, 974.148132324, 731.014282227, 349.809692383, 1441.42590332
394, 389, 731.041809082, 351.192749023, 928.82434082, 550.295898438, 1503.18188477
395, 389, 725.734313965, 280.724395752, 844.664611816, -215.370239258, 1480.52185059
396, 389, 758.05859375, -213.178710938, 816.169311523, -557.94909668, 1525.07299805
397, 389, 581.909790039, -980.668212891, 790.987304688, -614.255493164, 1488.88806152
398, 389, 544.393432617, -1276.41394043, 641.454406738, -980.70098877, 1484.08813477
399, 389, 484.968139648, -1323.80163574, 629.675170898, -1179.95593262, 1426.2713623
399, 399, -4913.77539063, 413.295806885, -4845.27880859, 413.671081543, 1041.66577148
400, 389, 552.543273926, -1464.0670166, 536.974487305, -2022.82678223, 1515.88891602
401, 389, 465.070770264, -1687.60546875, 531.589233398, -2103.53979492, 1494.19433594
402, 389, 235.981231689, -2552.95092773, 511.486022949, -2143.23974609, 1472.41601563
402, 401, -340.537689209, 13289.0214844, -238.260498047, 13000.1816406, 1147.87316895
403, 389, 178.35333252, -2892.45996094, 526.197875977, -2180.78686523, 1473.07641602
403, 401, -238.147003174, 12981.2373047, -93.4460449219, 12969.2255859, 1116.61047363
404, 389, 147.503311157, -2860.3347168, 347.277679443, -2692.01318359, 1442.96508789
404, 401, -380.854400635, 12967.9648438, -282.749664307, 12687.1894531, 990.445861816
405, 389, 171.449798584, -3175.48779297, 133.341033936, -3602.61303711, 1469.38439941
405, 401, -376.47354126, 12670.0830078, -281.46182251, 12675.5039063, 1171.97119141
406, 389, 108.531517029, -3294.10327148, 131.992370605, -3656.50048828, 1473.11242676
406, 404, -386.143890381, 12983.3574219, -331.503479004, 12683.84375, 833.696777344
407, 389, -145.031036377, -4170.04003906, 131.917617798, -3656.67895508, 1489.35913086
407, 404, -359.18057251, 11541.1953125, -221.212142944, 11275.8994141, 1131.12402344
408, 405, -346.998962402, 10770.1455078, -302.582305908, 10767.3789063, 1157.97216797
408, 389, -178.23487854, -4388.15820313, 117.25894165, -3655.62939453, 1475.01293945
409, 389, -165.819076538, -4388.20703125, -11.8288679123, -4281.35888672, 1411.7388916
409, 405, -358.221130371, 11276.7998047, -349.297576904, 11022.5576172, 1048.99279785
410, 389, -132.625488281, -4709.171875, -180.538833618, -5116.05761719, 1504.71875
410, 405, -389.54006958, 10753.9736328, -345.399627686, 10522.1923828, 1144.94519043
411, 410, -385.420043945, 10521.5712891, -345.619354248, 10516.9609375, 1206.96362305
411, 389, -303.145904541, -4708.95507813, -179.348175049, -5148.58154297, 1420.2545166
412, 389, -429.10647583, -5527.26123047, -440.20715332, -5527.16796875, 1270.70959473
412, 412, 490.523864746, 18651.1171875, 483.73916626, 18217.7636719, 1401.57128906
413, 410, -358.837005615, 8929.28320313, -319.023742676, 8927.46386719, 1342.38134766
413, 389, -429.308105469, -5527.11962891, -429.632171631, -5527.23925781, 1099.75708008
414, 416, -362.304473877, 9137.23144531, -324.577758789, 9137.921875, 1278.35852051
415, 410, -432.301513672, 8510.63183594, -350.14251709, 8515.18945313, 1388.04931641
416, 410, -476.119689941, 8710.09960938, -356.018249512, 8710.92871094, 1388.04931641
416, 418, 481.986480713, 17755.8066406, 483.848236084, 17760.8847656, 1367.89978027
417, 410, -447.680084229, 7564.21533203, -338.773925781, 7745.06396484, 1458.91503906
418, 410, -480.748657227, 7383.90380859, -368.158081055, 7393.62646484, 1274.68457031
418, 422, 448.404998779, 15714.0390625, 555.501281738, 15698.9511719, 1414.55554199
419, 410, -592.278259277, 7382.66455078, -368.685974121, 7384.04541016, 1297.75366211
420, 410, -616.305419922, 7031.29101563, -537.659606934, 6865.61523438, 1374.67919922
421, 410, -616.417724609, 7030.68847656, -497.714050293, 6701.52978516, 1398.0793457
422, 410, -582.657165527, 6069.93310547, -410.111816406, 6064.35595703, 1374.94897461
423, 410, -547.757751465, 6060.81347656, -342.547637939, 6065.30712891, 1338.30114746
424, 410, -534.320373535, 5620.56542969, -403.550354004, 5762.95458984, 1377.58837891
425, 410, -518.616271973, 5197.46386719, -395.675079346, 5474.46240234, 1332.98059082
425, 429, 431.306335449, -5411.96240234, 167.324264526, -5276.36962891, 1458.1697998
426, 410, -447.156524658, 4926.96826172, -317.522186279, 4929.96191406, 1340.83374023
426, 429, 350.206878662, -4997.93408203, 178.426574707, -5275.25927734, 1500.9765625
426, 442, 771.731933594, 13934.328125, 761.741271973, 13614.8310547, 1755.56506348
427, 410, -458.747375488, 4292.62060547, -278.211242676, 4415.59472656, 1425.58044434
427, 429, 176.054489136, -4997.79736328, 174.594314575, -5049.15087891, 1546.49609375
428, 410, -484.933624268, 4170.00488281, -363.405883789, 4171.53808594, 1397.5267334
428, 429, 320.60055542, -4451.46240234, 180.639389038, -4430.09814453, 1448.40515137
428, 450, 733.479980469, 12684.9326172, 732.684631348, 12685.6679688, 1973.92919922
429, 410, -504.433959961, 3822.74609375, -357.678375244, 3929.77807617, 1363.56921387
429, 429, 309.547393799, -4430.82617188, 99.7694702148, -3910.63183594, 1544.32727051
430, 410, -501.555023193, 3706.56079102, -385.163970947, 3812.69897461, 1379.39331055
430, 429, 399.950408936, -3983.25073242, 131.668609619, -3654.67919922, 1521.40014648
431, 429, 345.531921387, -3409.59570313, 147.215621948, -3601.49316406, 1513.15270996
431, 410, -477.718078613, 3065.28637695, -421.384887695, 3057.91894531, 1406.11730957
432, 429, 276.266998291, -2826.7800293, 135.584197998, -3438.97924805, 1537.79760742
432, 410, -503.790893555, 2958.2590332, -443.484222412, 2858.28295898, 1458.11889648
432, 456, 733.931213379, 12675.3476563, 735.819763184, 12678.0341797, 1641.36938477
433, 429, 264.125427246, -2727.47338867, 113.859603882, -2924.57421875, 1438.38989258
433, 410, -589.541320801, 2380.93408203, -431.283416748, 2474.51831055, 1466.77734375
434, 429, 265.645812988, -2691.21850586, 120.707015991, -2407.08105469, 1484.11608887
434, 410, -607.555908203, 2194.25219727, -453.887420654, 2380.7644043, 1431.61486816
435, 410, -594.924682617, 1930.6171875, -471.183624268, 2107.01953125, 1397.6697998
435, 429, 288.290344238, -2516.54174805, 112.347221375, -1815.11999512, 1560.74328613
436, 410, -599.023742676, 1515.38037109, -496.459899902, 1434.32055664, 1453.61779785
436, 429, 314.317596436, -1771.81530762, 130.418273926, -1774.45996094, 1495.95288086
436, 465, 663.421936035, 10505.5820313, 656.220214844, 10276.1132813, 1621.04016113
437, 410, -622.09576416, 1431.71069336, -575.948913574, 1049.20715332, 1380.91943359
437, 429, 318.563201904, -1081.90893555, 130.967666626, -1732.0682373, 1499.63769531
437, 473, -45.6337280273, 15703.9521484, -42.7562103271, 15346.3554688, 1015.59393311
438, 410, -757.12701416, 829.187866211, -572.342712402, 974.388061523, 1444.25769043
438, 429, 323.197387695, -979.516540527, 136.078674316, -1371.8223877, 1464.19433594
438, 473, -43.4037475586, 15339.7421875, 4.56599378586, 15320.7675781, 1015.5869751
439, 410, -750.667785645, 414.727203369, -574.566162109, 974.8984375, 1388.94360352
439, 429, 322.543121338, -980.197753906, 167.980865479, -614.726501465, 1491.1907959
439, 477, 660.705322266, 9136.9296875, 654.539123535, 8941.63085938, 1605.43151855
439, 473, -43.9196434021, 15720.8515625, -41.8604011536, 15702.2265625, 978.084960938
440, 410, -746.506469727, 348.642425537, -688.806945801, 153.64982605, 1416.38928223
440, 429, 324.698883057, -928.06842041, 133.338378906, -151.54347229, 1558.92285156
440, 480, 697.549255371, 8933.26953125, 615.69921875, 8934.73242188, 1816.83325195
440, 481, 3.35735726357, 14965.7724609, 4.83885765076, 14608.5957031, 1080.31469727
441, 410, -695.761474609, -91.6799850464, -700.748046875, -329.666290283, 1437.71594238
441, 429, 372.25970459, -155.970932007, 153.99281311, -151.165710449, 1477.81628418
441, 480, 848.614501953, 8720.08789063, 728.685058594, 8714.00585938, 1653.90209961
441, 481, -40.6677055359, 14272.7773438, 4.00316619873, 13614.7646484, 1154.24804688
442, 429, 352.577789307, 618.325500488, 155.298431396, -90.391746521, 1516.89379883
442, 410, -827.735656738, -330.66229248, -704.702270508, -272.198242188, 1354.99804688
442, 480, 800.080444336, 8514.2265625, 675.388916016, 8317.67480469, 1736.36047363
442, 482, -44.3535919189, 13301.234375, -43.3295211792, 13291.3525391, 1186.51708984
443, 429, 339.095977783, 977.878356934, 160.066375732, 217.267745972, 1504.62963867
443, 410, -835.918823242, -982.404602051, -689.787902832, -501.47064209, 1410.99987793
443, 480, 869.487670898, 8321.0703125, 791.198974609, 8320.72558594, 1951.64990234
444, 429, 218.13899231, 900.609130859, 51.3097114563, 904.770263672, 1440.48449707
444, 410, -827.28338623, -1082.32019043, -727.129516602, -555.073791504, 1373.73706055
444, 480, 908.707763672, 8316.81542969, 918.370849609, 8517.86230469, 1815.24890137
445, 490, 863.119995117, 7382.94970703, 1014.85693359, 7386.41064453, 1324.8729248
445, 429, 220.340591431, 972.098754883, -21.6721420288, 1678.06311035, 1507.56762695
445, 410, -786.606750488, -1553.96960449, -774.047607422, -1686.77380371, 1405.16821289
446, 410, -848.036193848, -1686.41723633, -816.819580078, -2021.35974121, 1393.62524414
446, 429, 319.487365723, 1124.46411133, -21.6053390503, 1760.04870605, 1514.0826416
446, 490, 902.054992676, 7382.89599609, 1088.89501953, 7383.03710938, 1355.68322754
446, 491, 3.95237588882, 12667.984375, 4.89436769485, 12664.6855469, 1357.83398438
446, 495, 734.111328125, 12679.2529297, 729.906921387, 12669.5449219, 1233.20495605
447, 429, 190.652008057, 2191.01611328, -21.0398254395, 1763.48034668, 1495.25073242
447, 410, -957.873779297, -2332.33813477, -830.080688477, -2061.19824219, 1394.07189941
447, 490, 921.872009277, 7032.73095703, 1103.20349121, 7031.7734375, 1377.88696289
447, 491, 715.658996582, 12097.3271484, 722.797912598, 12377.3447266, 1448.08728027
447, 494, 7.43827486038, 12387.1181641, 55.314994812, 12379.1982422, 1297.96850586
448, 410, -937.037658691, -2658.19580078, -830.147460938, -2062.59545898, 1392.21472168
448, 429, 56.8816719055, 2108.43530273, -22.4428195953, 1681.49609375, 1521.23461914
448, 490, 958.207336426, 6379.28222656, 1106.52709961, 6534.15136719, 1396.1619873
448, 496, 7.7246966362, 12093.6855469, 100.59539032, 11814.3476563, 1464.85449219
449, 429, 115.213630676, 2759.70507813, -50.0446929932, 2289.89013672, 1517.02429199
449, 410, -937.038024902, -2658.68969727, -843.615783691, -2445.92089844, 1325.3236084
449, 497, 682.239562988, 11026.0957031, 642.788696289, 11279.2783203, 1418.78564453
449, 495, 6.61007022858, 11815.1708984, 99.7850265503, 11548.7041016, 1279.84521484
449, 490, 1054.48022461, 6225.13476563, 1089.36889648, 6222.90185547, 1369.69445801
450, 429, 59.5242042542, 2857.54223633, -194.21913147, 3058.08325195, 1507.7244873
450, 490, 1077.41308594, 6066.79052734, 1112.1192627, 6061.95800781, 1371.58862305
450, 410, -924.343994141, -2761.16943359, -832.387817383, -3410.54516602, 1423.22106934
451, 490, 1076.40234375, 6060.47802734, 1103.72558594, 5912.20605469, 1383.48742676
451, 410, -891.965576172, -3174.27490234, -820.396362305, -3521.05981445, 1340.54431152
451, 429, 60.5296440125, 2958.53930664, -167.974822998, 3164.14599609, 1641.81835938
451, 496, 678.662963867, 11016.2519531, 628.593139648, 10774.0703125, 1500.63769531
452, 490, 1067.13464355, 5905.80419922, 1074.15991211, 5477.859375, 1427.6697998
452, 429, 33.6964569092, 3823.49829102, -203.670776367, 3701.60888672, 2024.86035156
452, 410, -866.88848877, -4053.32861328, -817.349304199, -3548.72631836, 1418.92626953
453, 410, -832.001098633, -4215.04541016, -885.49407959, -3810.78393555, 1392.34973145
453, 429, -26.6462612152, 3934.76123047, -203.82333374, 3704.52905273, 1532.80554199
453, 490, 1060.17004395, 5762.61669922, 1056.67822266, 5199.60986328, 1335.50830078
454, 410, -819.43145752, -4214.046875, -677.458251953, -4302.90869141, 1329.21777344
454, 429, -118.179069519, 4168.85693359, -240.012542725, 4055.80102539, 1428.75439453
454, 506, 938.034301758, 9805.21484375, 563.555725098, 10036.7441406, 1499.71240234
454, 490, 1065.18334961, 5335.9765625, 1088.41003418, 5195.234375, 1366.43444824
