0, 0, 1286.25463867, 17325.015625, 968.28692627, 16502.2207031, 1368.52978516
0, 1, -625.137695313, 23618.96875, -555.857666016, 23029.40625, 1274.69006348
1, 0, 1304.28918457, 17771.4355469, 1128.8190918, 17767.4042969, 1272
2, 0, 1152.01452637, 16918.6972656, 997.485839844, 17336.2695313, 1361.76501465
2, 1, -615.46282959, 23049.2128906, -612.444091797, 23011.5644531, 1107.47058105
3, 0, 1342.46386719, 17332.9902344, 1227.29785156, 17328.4570313, 1388.78710938
4, 0, 1171.19189453, 17342.3183594, 1071.03540039, 17762.6699219, 1388.56555176
5, 0, 1711.21386719, 18667.8554688, 1045.92382813, 18664.4824219, 1334.27661133
6, 0, 1045.52001953, 18679.4238281, 1042.08349609, 18665.9472656, 1272.8737793
7, 3, -554.58215332, 19678.4023438, -552.687255859, 19660.2636719, 1530.16821289
8, 9, 1408.66162109, 18687.0449219, 1289.05419922, 18707.3925781, 1542.41577148
8, 3, -564.818969727, 20175.8085938, -554.507019043, 19668.5292969, 1084.37121582
9, 9, 1740.45507813, 19157.4433594, 1063.14355469, 19187.2089844, 1440.06872559
9, 10, -555.212341309, 19654.2734375, -546.33782959, 19184.8320313, 1189.64111328
10, 9, 1063.64294434, 19172.203125, 1060.96948242, 19167.4960938, 1506.08752441
11, 15, 1308.56225586, 19159.8476563, 1123.35534668, 19160.1660156, 1541.99072266
11, 16, -549.082580566, 19191.7089844, -546.925964355, 19179.4179688, 1375.63903809
12, 17, 1185.21716309, 19180.1347656, 1065.32080078, 19179.0410156, 1494.2286377
13, 15, 1142.02819824, 19653.296875, 1079.43432617, 19661.0429688, 1440.17407227
14, 17, 1124.76086426, 19185.8554688, 1124.36315918, 19185.2226563, 1541.11193848
14, 27, -543.977661133, 19169.3554688, -490.653381348, 19157.8574219, 1167.5090332
15, 17, 1309.06933594, 19180.5488281, 1185.19213867, 19187.1738281, 1541.11193848
15, 27, -543.077575684, 19159.890625, -480.100219727, 18697.6972656, 1109.13366699
16, 30, 1161.32446289, 20164.6054688, 1142.56555176, 19685.9960938, 1402.91333008
16, 27, -533.961425781, 18676.9453125, -469.641815186, 18224, 1188.97680664
17, 17, 1162.44824219, 20185.3007813, 1082.79919434, 19668.6699219, 1468.1081543
17, 32, -470.551757813, 18224.9375, -411.993560791, 18201.5839844, 1234.54541016
18, 32, -454.349060059, 17341.375, -444.362304688, 16917.9863281, 1267.61206055
18, 34, 1068.71606445, 21258.7578125, 1035.09692383, 20183.6875, 1024.47277832
19, 32, -438.219268799, 16510.2792969, -379.435974121, 16127.6035156, 1253.01184082
21, 42, 1109.9152832, 22383.6484375, 1176.55993652, 22408.6464844, 1420.92089844
22, 47, -46.7601127625, 16097.9052734, -45.7694664001, 15740.71875, 1319.01721191
24, 52, 1313.90344238, 22398.4765625, 1407.30908203, 22983.4296875, 1386.87756348
24, 47, -44.2217140198, 16098.5439453, -43.8855171204, 15735.1601563, 1046.83813477
27, 58, -44.3138847351, 14616.1152344, 8.30240631104, 14275.4882813, 1575.59545898
27, 43, -364.428710938, -5412.00097656, -557.523193359, -5411.54785156, 1567.26306152
27, 50, 663.933044434, -5526.91699219, 537.64654541, -5527.25195313, 1175.12817383
27, 60, 1108.80078125, 22394.8984375, 1198.97436523, 22987.5800781, 1425.43078613
28, 43, -375.200042725, -4911.24853516, -548.64239502, -5397.65039063, 1681.07043457
28, 58, -40.3264503479, 13944.2617188, 9.4156703949, 14270.6728516, 1498.64868164
29, 43, -391.694641113, -4857.08496094, -559.485473633, -5290.86328125, 1680.27868652
29, 50, 562.043884277, -5397.81542969, 477.258300781, -5381.89599609, 1471.59326172
29, 58, -40.0012893677, 13616.7353516, 9.80645561218, 13609.8359375, 1346.88671875
29, 62, 1532.87756348, 24308.2011719, 1638.85412598, 24983.828125, 675.811035156
30, 50, 585.146179199, -5381.63769531, 476.074798584, -4875.04980469, 1511.39099121
30, 43, -392.436645508, -4839.10693359, -551.595336914, -4671.14404297, 1555.80944824
30, 63, 6.7720451355, 12995.6650391, 153.782684326, 12996.1455078, 1382.68676758
30, 64, 1147.46655273, 23675.9121094, 1172.29052734, 24311.8613281, 1019.51757813
31, 50, 612.126281738, -5148.01757813, 485.222991943, -4765.51025391, 1567.99694824
31, 43, -392.384368896, -4839.41259766, -490.697265625, -4345.92089844, 1619.03833008
31, 63, 10.4558048248, 12990.5341797, 253.074035645, 12993.2236328, 1283.1340332
32, 66, 664.665527344, -2621.77514648, 590.039001465, -2022.00634766, 1589.90063477
32, 63, 257.347259521, 9583.45214844, 306.729644775, 10035.5439453, 1457.11047363
32, 67, 2.63229775429, -2061.70507813, -140.969024658, -1982.58850098, 1619.73388672
33, 67, 2.43928933144, -2021.18237305, -128.663925171, -1509.28710938, 1616.01904297
33, 66, 711.006958008, -1857.51794434, 593.175964355, -1981.07971191, 1574.04382324
33, 63, 7.72890853882, 8930.21875, 288.122192383, 8937.62207031, 1546.92333984
34, 67, 3.2395966053, -1774.94750977, -35.592376709, -1370.36218262, 1664.23034668
34, 66, 687.027648926, -1686.98669434, 572.610107422, -2022.02404785, 1571.86096191
34, 63, 6.35763549805, 8920.50390625, 127.34349823, 8929.54394531, 1385.30200195
35, 67, 121.547744751, -1082.20446777, -17.0955085754, -1228.80517578, 1556.35546875
35, 63, 4.71061468124, 8919.96582031, 45.9027137756, 8730.60839844, 1371.09216309
35, 66, 734.573120117, -1324.5892334, 616.179260254, -1369.09838867, 1495.31884766
36, 67, 144.629714966, -877.319641113, -17.0365962982, -1228.17431641, 1632.40014648
36, 66, 749.50970459, -1368.77294922, 637.646728516, -1031.77392578, 1559.72131348
36, 63, -32.2483634949, 8313.92773438, 4.07288599014, 8120.37744141, 1489.46875
37, 67, 127.955848694, -558.403198242, -17.6585292816, -1131.8840332, 1650.12280273
37, 63, -72.9562988281, 8316.37109375, 4.39467668533, 7935.38037109, 1475.08422852
37, 66, 738.463500977, -1276.84484863, 641.929260254, -665.353759766, 1550.34960938
38, 66, 811.195068359, -612.90826416, 665.889343262, -611.765625, 1536.02087402
38, 63, -329.473327637, 7390.734375, -33.0791549683, 7386.44970703, 1475.28601074
38, 67, 127.346260071, -558.896179199, -18.761631012, -330.569580078, 1614.45080566
39, 67, 127.518768311, -555.56829834, -18.243970871, -90.387550354, 1672.34277344
39, 66, 813.479675293, -330.135314941, 673.444641113, -501.125549316, 1514.20581055
39, 63, -330.575469971, 7377.14453125, -179.92401123, 7213.46826172, 1493.89819336
40, 63, -368.029388428, 7377.50927734, -254.170394897, 7209.85009766, 1484.12084961
40, 67, 132.335540771, -213.150054932, 25.9929904938, 217.319549561, 1648.00366211
40, 66, 836.108337402, -32.4019622803, 656.977966309, -444.397674561, 1537.91174316
41, 67, 164.506088257, 483.526916504, 4.51224279404, 412.481658936, 1598.62475586
41, 63, -321.949005127, 6862.39550781, -244.073547363, 6534.94628906, 1536.59936523
41, 66, 839.301940918, 283.872619629, 725.395629883, 281.265197754, 1547.76025391
42, 67, 167.06072998, 689.489685059, 3.71344280243, 413.915100098, 1639.7746582
42, 63, -438.875152588, 7200.33789063, -323.744537354, 7035.01367188, 1497.35351563
42, 66, 812.25402832, 217.313644409, 688.656738281, 413.997253418, 1558.13366699
43, 67, 4.41231441498, 831.293579102, -20.6807880402, 689.571899414, 1637.02600098
43, 66, 871.877685547, 416.462249756, 720.377441406, 904.775268555, 1514.07080078
43, 63, -549.381958008, 6062.89892578, -340.985137939, 6065.79492188, 1455.05273438
44, 67, 4.10009860992, 979.612487793, -45.9824943542, 1278.95874023, 1554.70910645
44, 66, 893.196838379, 976.082946777, 720.683044434, 904.240905762, 1522.78308105
44, 63, -543.150390625, 5911.54443359, -307.265838623, 6067.87597656, 1522.36889648
45, 67, 4.07868671417, 1051.27722168, -48.1485443115, 1681.33300781, 1625.0559082
45, 66, 865.560302734, 1597.15515137, 724.824951172, 973.882873535, 1531.97668457
45, 63, -529.776611328, 5477.77587891, -372.088378906, 5908.56542969, 1531.91711426
46, 67, 53.5175361633, 1516.8157959, -22.3244400024, 1681.68041992, 1659.65844727
46, 66, 808.736877441, 1514.9083252, 728.748962402, 1432.48669434, 1543.16418457
46, 63, -517.421203613, 5057.53564453, -389.319488525, 5197.12597656, 1534.88586426
47, 67, 133.46711731, 1932.27722168, -22.3292694092, 1762.64538574, 1624.7121582
47, 63, -580.895629883, 5058.59912109, -514.376098633, 5063.90087891, 1565.2689209
47, 66, 813.971252441, 1600.38757324, 767.88684082, 1681.55249023, 1563.67712402
48, 67, 164.242340088, 2286.73779297, -23.3821334839, 1846.81628418, 1624.57958984
48, 66, 820.471862793, 1679.15673828, 654.443908691, 2471.53979492, 1597.74267578
48, 63, -718.629882813, 4537.02294922, -534.850341797, 4664.62841797, 1518.49853516
49, 67, 111.983001709, 2381.32885742, -23.4641780853, 2192.36572266, 1604.94348145
49, 66, 848.513183594, 2107.47631836, 646.792175293, 2288.23291016, 1557.42578125
49, 63, -712.405395508, 4415.24511719, -535.280883789, 4666.15136719, 1489.90783691
50, 67, 115.257408142, 2759.81445313, 2.66712355614, 2955.63256836, 1620.39306641
50, 66, 869.265808105, 2856.88183594, 655.439331055, 2472.00292969, 1556.66223145
50, 63, -685.216552734, 3824.14819336, -535.557128906, 3815.15673828, 1565.9074707
51, 66, 792.253479004, 2954.36352539, 655.594848633, 2474.37768555, 1556.53527832
51, 67, 170.60647583, 2760.0234375, 3.85368895531, 2962.30322266, 1650.04211426
51, 63, -714.756469727, 3820.28613281, -649.544555664, 3705.0546875, 1551.47338867
52, 66, 770.875610352, 3064.17993164, 658.177307129, 3061.82348633, 1531.91992188
52, 63, -768.543518066, 3701.14916992, -674.116760254, 3592.32373047, 1551.47338867
52, 67, 172.284591675, 2958.72900391, 33.1621589661, 3058.58984375, 1618.40673828
53, 63, -756.351074219, 2957.80395508, -648.844055176, 3064.14819336, 1511.16125488
53, 66, 713.34979248, 3061.99584961, 633.59564209, 3166.1328125, 1583.57983398
53, 67, 179.775665283, 3484.3269043, 6.16788005829, 3376.87841797, 1578.17236328
54, 63, -778.739624023, 2858.3046875, -670.29510498, 2955.56176758, 1541.75366211
54, 66, 719.599060059, 3162.78955078, 672.219238281, 3377.2109375, 1583.88867188
54, 67, 213.039428711, 3816.2019043, 33.9046974182, 3701.25415039, 1562.47277832
55, 63, -767.74822998, 2663.23632813, -580.312744141, 2196.25683594, 1530.37988281
55, 66, 728.682983398, 3934.31445313, 637.667541504, 3935.21069336, 1508.73071289
55, 67, 35.507976532, 3821.53051758, 3.11201477051, 3928.8293457, 1524.71240234
56, 63, -784.076660156, 2471.29760742, -602.842163086, 2105.39160156, 1548.83007813
56, 66, 703.566345215, 4048.70019531, 551.90435791, 4048.88232422, 1533.12780762
56, 67, 36.1501960754, 4056.11962891, 2.48245763779, 4171.45800781, 1608.25854492
57, 63, -664.203430176, 1763.57995605, -594.090270996, 1931.16772461, 1489.1998291
57, 66, 673.315795898, 4055.25170898, 493.227935791, 4056.02416992, 1488.46472168
57, 67, 97.0835113525, 4170.015625, -57.2274093628, 4054.66943359, 1636.99609375
58, 67, 37.4505805969, 4661.59375, -27.7308082581, 4413.59033203, 1665.87487793
58, 66, 709.019714355, 4799.69140625, 516.868774414, 4797.36621094, 1649.84411621
58, 63, -588.747314453, 1278.01208496, -524.323547363, 1513.4185791, 1531.15808105
59, 67, 4.27760457993, 4924.73730469, 4.30457162857, 4925.50537109, 1576.23449707
59, 63, -552.953186035, 1049.48730469, -384.216094971, 1051.04260254, 1533.83325195
59, 66, 708.873596191, 4796.72851563, 492.733428955, 5059.4609375, 1533.65185547
60, 66, 660.950195313, 5194.64208984, 496.964935303, 5197.71191406, 1524.78234863
60, 63, -584.584655762, 1199.5592041, -362.176635742, 417.765441895, 1472.82592773
60, 67, -30.0022678375, 5196.51074219, 4.58321523666, 5474.63623047, 1561.32543945
61, 63, -568.950500488, 900.005737305, -362.285705566, 418.435211182, 1485.79699707
61, 66, 678.895874023, 5619.54589844, 505.288879395, 5474.2265625, 1543.53259277
61, 67, -60.8644256592, 5194.77441406, 38.6853790283, 5334.89599609, 1574.44677734
62, 66, 560.49206543, 6072.84375, 518.763244629, 5918.83300781, 1441.8236084
62, 63, -520.247314453, -91.2084579468, -362.554473877, 413.093994141, 1506.57897949
62, 67, -29.5762290955, 5909.69482422, 5.57681894302, 5907.37939453, 1529.1842041
63, 67, 3.87807869911, 5918.76220703, -29.8277111053, 5915.45800781, 1610.25463867
63, 63, -463.649963379, -388.852111816, -330.18536377, 91.4698867798, 1496.40344238
64, 67, 3.82080936432, 6058.51269531, 3.82622337341, 6057.77929688, 1559.05786133
64, 63, -463.551300049, -387.575134277, -289.088500977, -557.689575195, 1538.11376953
64, 66, 525.267456055, 6070.06054688, 524.554504395, 6064.90966797, 1591.95458984
64, 70, -1157.90112305, 11818.1171875, -1172.8013916, 12092.5390625, 1344.13354492
65, 63, -460.906890869, -444.866668701, -295.395446777, -1033.66552734, 1517.34057617
65, 66, 564.378173828, 6221.80517578, 528.944274902, 6220.25488281, 1536.51977539
65, 67, -29.1420650482, 6218.44824219, -30.1319274902, 6376.76318359, 1639.1817627
65, 72, -890.752075195, 12095.9638672, -816.25970459, 12665.7626953, 1510.08630371
66, 63, -453.325744629, -1029.80187988, -293.907745361, -1082.71777344, 1501.37963867
66, 66, 554.723266602, 7030.24316406, 553.438476563, 7031.98583984, 1544.34692383
66, 67, 4.74316930771, 7199.16552734, -32.7466049194, 7203.50976563, 1562.06799316
66, 72, -854.428100586, 12378.2910156, -785.539611816, 11815.7109375, 1419.98718262
67, 63, -438.928375244, -1729.13916016, -306.546508789, -1276.42272949, 1497.0579834
67, 66, 486.105438232, 7201.36572266, 562.076782227, 7200.68164063, 1280.93322754
67, 67, 5.00649452209, 6376.59130859, -99.5991516113, 6224.78271484, 1639.1817627
68, 67, 4.79703140259, 7199.81640625, -216.880493164, 7201.77148438, 1576.55749512
68, 63, -338.942687988, -1940.74450684, -243.001831055, -1508.70910645, 1485.85241699
68, 66, 565.880737305, 7380.79638672, 565.037353516, 7375.71533203, 1465.38208008
69, 67, -30.9177799225, 7211.08398438, -107.007545471, 7379.21728516, 1521.41479492
69, 66, 579.333312988, 7745.83349609, 577.56072998, 7742.8515625, 1458.20080566
69, 63, -321.505859375, -1941.25927734, -152.79296875, -2332.51074219, 1519.50439453
70, 63, -419.163299561, -2142.71899414, -261.226318359, -2658.05297852, 1521.53125
70, 67, -31.9712333679, 7386.65820313, -69.2653579712, 7392.49365234, 1535.99584961
70, 66, 628.13848877, 8122.37451172, 596.339050293, 8314.00585938, 1535.75842285
71, 63, -407.325469971, -2692.37353516, -260.900421143, -2692.95263672, 1469.07373047
71, 73, 590.191101074, 8122.76318359, 590.729980469, 8127.19726563, 1453.65234375
71, 67, 3.6110394001, 7565.17089844, -70.5354232788, 7564.31152344, 1515.12194824
72, 66, 555.042785645, 8321.43945313, 642.178955078, 8513.47851563, 1529.68493652
72, 63, -376.526153564, -3294.41430664, -258.495422363, -2761.00488281, 1514.00512695
72, 67, 6.55459499359, 7746.38867188, -70.6757278442, 7569.74560547, 1589.72717285
73, 74, 615.63092041, 8926.10839844, 615.81060791, 8929.81542969, 1653.55078125
73, 63, -358.555389404, -3352.60668945, -226.98097229, -3236.41430664, 1483.73742676
73, 67, -33.8553466797, 8318.22363281, -148.235916138, 7932.15283203, 1525.68334961
74, 63, -356.257141113, -3410.04711914, -219.530044556, -3934.92358398, 1535.36999512
74, 67, -34.1650390625, 8519.71679688, -232.118041992, 8518.35546875, 1500.33508301
74, 66, 1894.72766113, 12682.0302734, 1892.49804688, 12681.2128906, 1652.8861084
75, 63, -444.0809021, -3655.54907227, -294.449310303, -4101.46679688, 1463.80749512
75, 67, -33.5248908997, 8721.44726563, -114.306747437, 8723.0703125, 1648.83483887
75, 66, 616.147827148, 8939.19433594, 626.595581055, 9354.14746094, 1465.31079102
76, 66, 630.228942871, 9357.765625, 634.096740723, 9582.88769531, 1480.73779297
76, 67, -33.921421051, 8934.13183594, -34.9371452332, 8938.81445313, 1588.88769531
76, 63, -469.895050049, -4451.28662109, -292.595153809, -4146.63427734, 1535.28491211
76, 85, 1947.81286621, 12693.4326172, 1992.59790039, 12691.9814453, 1222.57958984
77, 63, -429.70489502, -4821.09960938, -289.184020996, -4215.13916016, 1561.90527344
77, 67, 623.136962891, 9149.67578125, 5.34822750092, 8941.11035156, 1605.43579102
78, 67, 7.24528503418, 9356.95019531, 5.90926647186, 9363.04980469, 1583.36132813
78, 63, -415.007965088, -4856.48730469, -283.351654053, -4876.09912109, 1449.76904297
79, 67, 613.296630859, 10272.0068359, 4.18162679672, 9361.33496094, 1605.66955566
79, 63, -368.75479126, -5014.74462891, -335.238525391, -5526.96289063, 1526.91320801
80, 66, 575.796020508, 10523.5097656, 7.14167499542, 10037.1835938, 1603.58764648
80, 63, -513.750915527, -5526.8359375, -355.995513916, -5527.22949219, 1299.05566406
81, 63, -597.651062012, -5527.27929688, -366.593597412, -5527.19873047, 1037.64550781
82, 66, 444.878326416, 10526.8251953, 50.2314033508, 10525.2792969, 1500.65185547
83, 66, 52.1574745178, 10767.0771484, 50.4639968872, 10762.265625, 1521.19689941
84, 66, 51.5409812927, 11014.2050781, 8.5475063324, 10779.5751953, 1495.9276123
85, 66, 5.29100036621, 11026.7578125, 7.48633384705, 11026.2128906, 1444.62731934
86, 97, 52.9873390198, 11278.6855469, 142.919509888, 11278.9824219, 1581.48913574
87, 97, 52.7654571533, 11544.1162109, 53.15625, 11815.0966797, 1764.96960449
88, 97, 54.6073150635, 12379.1591797, 9.68938922882, 12373.9052734, 1714.88183594
89, 97, 55.6608886719, 12671.7207031, 249.187149048, 12671.9609375, 1665.66687012
89, 99, -68.4560241699, 28004.5507813, 256.501403809, 28907.3925781, 2499.36425781
90, 97, 56.1100234985, 12679.1142578, 104.746917725, 12673.3134766, 1636.48583984
91, 97, 55.8881225586, 12968.9267578, 104.37915802, 12693.9492188, 1605.45751953
92, 100, 57.5096473694, 12990.4902344, 56.4093437195, 12980.6103516, 1432.99267578
93, 97, 104.371429443, 12995.0810547, 105.864624023, 12994.4404297, 1582.84423828
94, 100, 105.390480042, 12997.5693359, 154.519073486, 12996.7753906, 1551.61315918
95, 97, 108.303756714, 13605.2382813, 156.608184814, 13295.1132813, 1498.6496582
96, 101, 60.9195747375, 14274.8056641, 160.220123291, 13941.4521484, 1489.07983398
97, 102, 10.204082489, 15325.7910156, 61.0925712585, 15327.7685547, 1127.29858398
100, 110, -848.013366699, 16902.4824219, -50.6856117249, 16099.8945313, 1099.76293945
101, 112, -47.4521636963, 15741.2910156, -211.476287842, 15743.46875, 1319.53491211
102, 110, -875.791320801, 16090.8310547, -43.5298118591, 15726.7626953, 942.718811035
104, 125, -870.186523438, 15716.3271484, -868.629272461, 15705.3203125, 1267.52587891
105, 110, -871.991760254, 15713.2197266, -870.246582031, 15706.5654297, 1802.9465332
106, 128, -908.10345459, 15332.3037109, -858.512207031, 15326.7197266, 1910.09277344
107, 131, -894.119018555, 14976.1103516, -904.230529785, 15318.7021484, 1568.97094727
108, 128, -896.540161133, 14971.6259766, -895.330444336, 14973.0683594, 1957.71911621
110, 134, -884.993286133, 14613.7255859, 504.26864624, 19141.5820313, 1904.24401855
112, 141, -827.445007324, 12978.4570313, -824.642028809, 12971.9287109, 1412.90490723
113, 142, -828.164306641, 12977.6513672, -825.465515137, 12968.6591797, 1810.15380859
113, 134, 504.636871338, 19152.3652344, 565.319274902, 19157.4433594, 1926.03503418
114, 141, -827.394348145, 12980.5175781, -825.258361816, 12973.2802734, 2003.72546387
117, 148, -774.609741211, 11549.5478516, -742.15802002, 11816.1416016, 1445.61181641
118, 148, -773.946594238, 11548.7529297, -762.828430176, 11286.2333984, 1086.34729004
119, 148, -764.620849609, 11274.6464844, -715.592224121, 11024.4501953, 1223.20996094
120, 148, -745.655883789, 10771.1552734, -706.172241211, 10764.015625, 1251.57189941
121, 148, -753.410095215, 11014.1484375, -706.290893555, 10772.9833984, 1086.34729004
122, 151, -697.764648438, 10519.3662109, -652.792602539, 10517.2646484, 1378.89990234
123, 151, -680.507751465, 10038.0556641, -595.199523926, 10038.5761719, 1331.90209961
124, 151, -679.058166504, 10035.0908203, -643.228515625, 10263.5019531, 1306.38720703
125, 151, -602.80480957, 8938.19824219, -446.432922363, 9138.57617188, 1389.04064941
125, 152, 219.863113403, 23043.7226563, 290.790863037, 23042.0410156, 2267.43286133
126, 151, -562.947631836, 8938.38183594, -405.733093262, 9141.10449219, 1342.73937988
127, 151, -521.970336914, 8919.70996094, -400.529052734, 8927.828125, 1410.09716797
128, 151, -511.381774902, 8517.56933594, -392.641479492, 8520.37890625, 1365.10693359
129, 151, -588.506652832, 8511.25683594, -431.282470703, 8520.16796875, 1198.10571289
130, 151, -566.213439941, 7745.10644531, -527.671630859, 7746.79833984, 1776.65942383
131, 151, -598.008361816, 7565.92285156, -447.192138672, 7569.22460938, 1361.25244141
132, 151, -597.986633301, 7563.89111328, -376.868927002, 7747.83691406, 1423.64074707
133, 156, -325.761352539, 12365.7724609, -368.675872803, 12084.3886719, 1763.31359863
134, 151, -587.671936035, 7200.64892578, -507.635620117, 7035.56542969, 1410.99511719
134, 156, -378.995147705, 12675.4013672, -377.850280762, 12663.2578125, 1187.61181641
135, 151, -610.985656738, 6865.67529297, -539.465759277, 6862.01806641, 1398.20385742
135, 161, -377.523284912, 12682.71875, -377.199066162, 12672.1484375, 1233.44128418
136, 151, -590.301818848, 6216.24316406, -519.819885254, 6218.27294922, 1383.60021973
136, 161, -371.883300781, 12376.4716797, -319.270965576, 11815.5214844, 1470.72094727
137, 161, -307.666748047, 11023.1650391, -260.362701416, 10769.0859375, 1500.9276123
137, 151, -588.82244873, 6218.89501953, -519.681213379, 6222.32910156, 1383.74279785
138, 161, -341.763214111, 10521.3623047, -299.232086182, 10514.1074219, 1643.79626465
138, 151, -578.129211426, 5914.89648438, -544.670776367, 5909.75878906, 1489.55053711
139, 151, -573.924499512, 5761.87353516, -552.623474121, 5199.13818359, 1464.7244873
139, 161, -338.824310303, 10276.8847656, -254.507827759, 10267.9335938, 1622.89233398
140, 151, -629.555786133, 5476.24804688, -548.497009277, 5065.27294922, 1483.13671875
140, 161, -296.377746582, 10266.1914063, -165.789550781, 10037.2246094, 1605.74304199
141, 151, -645.811706543, 5063.72363281, -545.18536377, 4928.42382813, 1374.12561035
141, 161, -201.062744141, 9354.28515625, -77.0568466187, 9146.06933594, 1670.38293457
142, 161, -157.375930786, 8937.50390625, -37.7032241821, 8939.60839844, 1653.18884277
142, 151, -572.720336914, 4800.07861328, -539.782836914, 4797.3203125, 1383.39282227
143, 151, -561.876037598, 4538.80371094, -524.96484375, 4413.48095703, 1458.87414551
143, 161, -156.000671387, 8923.33984375, -74.6271591187, 8922.99414063, 1694.40820313
144, 161, -115.010131836, 8718.76074219, -35.636932373, 8715.41992188, 1504.23583984
144, 151, -574.473205566, 4051.36669922, -510.059936523, 3935.31225586, 1447.62451172
145, 151, -600.338928223, 3936.47094727, -539.225280762, 3934.25024414, 1436.54846191
145, 161, -75.3502807617, 8514.7265625, -33.7924919128, 8126.97558594, 1661.27209473
146, 161, -32.9802970886, 7570.43212891, 7.41336536407, 7560.79199219, 1684.62841797
146, 151, -679.031494141, 3702.45874023, -535.932373047, 3813.07788086, 1408.97216797
147, 151, -680.775390625, 3166.33666992, -543.347839355, 3271.13793945, 1417.39733887
147, 161, -31.1059494019, 7380.79248047, 79.7961807251, 7376.54736328, 1634.34716797
148, 151, -649.02947998, 3060.14086914, -507.773162842, 3058.31933594, 1423.99890137
148, 161, 4.59764480591, 7209.81640625, 42.6990814209, 7203.20947266, 1671.83825684
149, 161, 3.80623865128, 7205.2734375, 43.2952079773, 7197.74267578, 1656.72827148
149, 151, -677.686279297, 3058.22143555, -660.871887207, 2757.8984375, 1478.07714844
150, 161, -29.4172840118, 6701.78759766, 42.4626579285, 6697.41357422, 1641.99206543
150, 151, -744.822570801, 2758.34106445, -643.640686035, 2379.83227539, 1468.26147461
151, 161, -28.1466274261, 6070.1640625, 178.599975586, 6072.38769531, 1681.48681641
151, 151, -814.268493652, 2105.86669922, -634.960021973, 2198.65136719, 1499.02124023
152, 161, 3.26571154594, 5913.31103516, 176.775115967, 5915.20996094, 1687.62304688
152, 151, -787.116516113, 1678.22546387, -634.210998535, 2198.51757813, 1455.13305664
153, 151, -805.739501953, 1598.43017578, -650.29675293, 1516.8092041, 1461.38232422
153, 161, -28.258140564, 5760.38134766, 141.129486084, 5758.94433594, 1720.82385254
154, 151, -807.002258301, 1599.35705566, -755.991149902, 1202.08764648, 1474.17932129
154, 161, -29.3368606567, 5063.86083984, 102.328788757, 5064.13867188, 1643.11071777
155, 161, -27.8080024719, 4794.81347656, 36.2561759949, 4796.70019531, 1646.9543457
155, 151, -816.868347168, 1354.99108887, -737.088012695, 902.180236816, 1463.21057129
156, 161, -26.3801651001, 4664.265625, 162.658187866, 4664.99707031, 1700.29064941
156, 151, -845.608825684, 758.48651123, -759.907897949, 898.346496582, 1470.70593262
157, 161, -25.3174858093, 4293.22167969, 95.8207397461, 4054.5703125, 1656.1496582
157, 151, -753.009277344, 416.167419434, -747.632080078, 688.260742188, 1483.05627441
158, 151, -761.107666016, 219.196517944, -696.465576172, 283.976806641, 1444.82788086
158, 161, -25.8845024109, 4050.39648438, 155.114364624, 3928.80371094, 1692.25219727
158, 162, -2411.67919922, 12664.9257813, -2258.14282227, 12094.4404297, 1086.6784668
159, 151, -787.571228027, 281.650238037, -626.475280762, -151.977142334, 1461.76428223
159, 161, -26.0148296356, 3704.17871094, 124.508407593, 3812.2668457, 1665.07824707
159, 162, -1880.40771484, 10506.0009766, -1773.20922852, 10269.9335938, 1476.06970215
160, 151, -726.477966309, 29.8832416534, -622.36920166, -554.13494873, 1421.30285645
160, 161, -24.6961898804, 2960.52050781, 5.69640398026, 3058.48706055, 1687.46484375
160, 162, -1791.14306641, 10506.9804688, -1749.81079102, 10508.3525391, 1580.60839844
161, 162, -1588.59851074, 9582.80664063, -1366.71105957, 10036.5683594, 1589.8293457
161, 151, -722.988525391, -612.29876709, -643.058532715, -554.383239746, 1452.68774414
161, 161, 3.50471687317, 3056.6953125, 201.495132446, 3057.71606445, 1673.31274414
162, 151, -672.598632813, -1034.09033203, -640.094665527, -610.591308594, 1521.79870605
162, 162, -1594.65893555, 9146.20019531, -1305.87695313, 9147.08007813, 1572.74914551
162, 161, -22.7197818756, 2955.78149414, 222.343032837, 2566.52539063, 1689.56298828
163, 162, -1404.2244873, 9362.98925781, -1321.05163574, 9355.70703125, 1571.0814209
163, 151, -662.455871582, -1179.96716309, -615.491455078, -981.667541504, 1401.62243652
163, 161, 2.70859766006, 2473.87133789, 189.351455688, 2104.09692383, 1698.48937988
164, 162, -1320.6953125, 9353.45898438, -1278.60473633, 9356.50585938, 1406.46362305
164, 151, -643.540466309, -1180.27563477, -499.307312012, -1643.13989258, 1499.19750977
164, 161, 3.87165117264, 1846.95263672, 187.129959106, 1933.14294434, 1672.45202637
165, 151, -686.807617188, -1370.38574219, -521.286987305, -1899.87243652, 1435.72155762
165, 161, -20.3438816071, 1432.19250488, 184.720809937, 1932.94909668, 1707.51586914
165, 162, -1089.93713379, 8933.421875, -1050.04187012, 8941.51464844, 1592.34716797
166, 151, -650.47869873, -1859.10522461, -551.167480469, -1982.24279785, 1446.04223633
166, 162, -1037.56176758, 8709.67871094, -957.667175293, 8714.02050781, 1742.19750977
166, 161, -20.0559120178, 1355.38537598, 180.025344849, 1516.79162598, 1707.51586914
167, 151, -573.387207031, -2444.35083008, -544.31036377, -2101.84228516, 1469.69396973
167, 161, 3.19122743607, 1199.76452637, 171.227249146, 976.654541016, 1665.05310059
167, 162, -918.35369873, 7929.80517578, -947.815063477, 7751.51220703, 1613.60009766
168, 162, -917.665527344, 7937.25927734, -959.541259766, 7936.89111328, 1554.40759277
168, 151, -557.747680664, -2659.1784668, -473.566833496, -2407.74926758, 1454.69030762
168, 161, -19.7391490936, 976.984436035, 139.853942871, 415.523254395, 1663.25
169, 151, -542.382385254, -2658.53613281, -425.997436523, -2957.70361328, 1490.66589355
169, 161, -19.8257598877, 549.504516602, 139.670684814, 417.112640381, 1663.31970215
170, 162, -955.882202148, 7203.83984375, -882.814331055, 7203.87597656, 1584.93334961
170, 161, -19.5772609711, -214.228881836, 117.304397583, 347.620941162, 1667.93786621
170, 151, -528.541809082, -2859.76708984, -462.313751221, -3380.70825195, 1481.77282715
171, 161, -39.020565033, -388.46496582, 3.96114373207, -212.196594238, 1659.26965332
171, 162, -912.885437012, 7031.96240234, -807.737792969, 7198.37304688, 1627.02368164
171, 151, -583.380493164, -3175.16552734, -472.746917725, -3437.05126953, 1413.50280762
172, 162, -893.296447754, 6696.43164063, -635.401306152, 6534.89160156, 1576.41967773
172, 161, -19.6701660156, -331.245941162, 149.714889526, -498.977050781, 1662.22521973
172, 151, -557.225891113, -3862.28173828, -473.317687988, -3437.39306641, 1500.72961426
173, 151, -526.993164063, -4055.59570313, -458.58883667, -3655.00683594, 1440.10290527
173, 162, -868.478027344, 6224.71679688, -618.614746094, 6069.26855469, 1547.81555176
173, 161, -39.0925979614, -557.610412598, 141.346313477, -1131.81140137, 1680.35510254
174, 151, -500.347869873, -4054.86767578, -405.764038086, -4258.98779297, 1443.12072754
174, 161, -16.7774620056, -826.081604004, 158.273727417, -1180.96691895, 1662.26843262
174, 162, -817.092895508, 5917.91162109, -617.731994629, 6060.58056641, 1549.94458008
174, 168, 7.40261268616, 24315.0957031, 13.5776596069, 23682.1914063, 1182.14196777
175, 151, -533.297546387, -4146.60791016, -412.778076172, -4727.76074219, 1480.38024902
175, 161, 21.1739463806, -1774.73681641, 136.80368042, -1372.60522461, 1690.99536133
175, 162, -608.199584961, 5762.30322266, -579.127868652, 5908.43798828, 1492.28051758
176, 151, -593.050354004, -4492.21923828, -412.611694336, -4728.38183594, 1418.34973145
176, 161, 73.2304763794, -2061.49511719, 76.2774581909, -1731.80664063, 1646.49902344
176, 162, -624.369628906, 5333.86083984, -552.909057617, 5195.35449219, 1530.04345703
177, 161, 55.668056488, -2023.18640137, 185.397415161, -1815.34533691, 1608.55627441
177, 162, -549.528442383, 5058.17822266, -418.475524902, 5058.79931641, 1547.92541504
177, 151, -541.005493164, -5148.23535156, -448.566955566, -4728.60302734, 1520.99389648
178, 151, -512.744812012, -5321.63378906, -540.424743652, -5148.41503906, 1400.15551758
178, 161, 55.5499343872, -2101.56591797, 249.9715271, -2623.29101563, 1653.75598145
178, 162, -534.627746582, 4663.80029297, -501.406463623, 4666.90771484, 1530.37805176
179, 162, -566.907165527, 4667.83300781, -467.123535156, 4538.48193359, 1518.46484375
179, 151, -516.899414063, -5276.53613281, -408.25378418, -5526.99365234, 1335.41699219
179, 161, 19.335308075, -2333.5715332, 245.563644409, -2760.44165039, 1635.5098877
179, 169, -61.7793388367, 23029.1210938, 10.17208004, 23016.1503906, 1229.14038086
180, 162, -510.333618164, 3931.46142578, -451.504577637, 4050.39086914, 1512.94396973
180, 161, 92.9451904297, -3265.01025391, 225.699951172, -2892.67822266, 1652.33178711
180, 170, -469.762969971, 22409.140625, -129.117050171, 22388.8769531, 1337.59924316
181, 162, -505.247497559, 3817.93603516, -448.672515869, 3931.8203125, 1534.1048584
181, 161, 104.097175598, -3521.25073242, 225.016311646, -2924.78710938, 1643.74768066
181, 170, -394.268005371, 21810.4238281, -119.862930298, 20703.5742188, 1385.94458008
182, 162, -500.888031006, 3703.63208008, -355.437683105, 3822.80395508, 1553.20959473
182, 161, 102.840919495, -3602.79150391, 248.088821411, -3175.80200195, 1589.66052246
182, 170, -513.16784668, 20706.6816406, -440.139282227, 20174.1367188, 1486.31677246
183, 161, 102.788581848, -3629.12744141, 241.317398071, -4191.45019531, 1660.12402344
183, 162, -483.388946533, 3166.2722168, -447.420043945, 2960.63452148, 1577.98193359
183, 170, -424.804107666, 19190.3359375, -176.740768433, 19186.34375, 1462.43896484
184, 161, 102.030670166, -3656.27905273, 225.746368408, -4259.58935547, 1622.0802002
184, 162, -506.529693604, 3061.44897461, -447.366760254, 2953.28979492, 1596.67834473
184, 170, -424.992645264, 19175.1621094, -176.81652832, 19188.2890625, 1494.11328125
185, 161, 87.454826355, -4709.35693359, 222.246612549, -4345.54101563, 1685.97070313
185, 162, -679.800476074, 2567.37915039, -443.874725342, 2860.14111328, 1533.25549316
185, 171, -56.7735443115, 19191.8359375, -51.90391922, 19647.6191406, 1375.39221191
186, 162, -665.973999023, 2285.60473633, -443.550109863, 2860.41625977, 1527.97265625
186, 161, 106.625854492, -4997.85742188, 246.607513428, -4388.71533203, 1654.9934082
186, 171, -113.774185181, 19190.3964844, -53.1993865967, 19188.8730469, 1316.10803223
187, 162, -661.557678223, 2195.50634766, -472.058044434, 2859.08325195, 1588.18017578
187, 161, 106.331207275, -5016.02099609, 275.446685791, -4592.82275391, 1600.84960938
187, 172, -417.210418701, 18702.8183594, -177.980056763, 19144.5546875, 1541.05395508
188, 162, -687.875549316, 2195.24291992, -628.285339355, 2104.01123047, 1600.16516113
188, 161, 105.11907196, -5049.02783203, 190.826431274, -5527.046875, 1583.83569336
189, 162, -683.290893555, 2106.41259766, -659.50793457, 1676.61035156, 1517.42236328
189, 174, -236.196411133, 18662.3085938, -53.8782272339, 18678.0742188, 1614.33691406
190, 162, -834.843261719, 2020.18762207, -726.691040039, 1516.61865234, 1540.46276855
190, 174, -469.357147217, 18225, -294.940185547, 18663.4414063, 1546.67163086
191, 162, -857.56817627, 1596.2935791, -755.706542969, 1593.18310547, 1515.46032715
191, 176, -469.960418701, 18215.9453125, -234.63432312, 18667.4589844, 1523.77575684
192, 162, -963.823120117, 1051.71276855, -775.725158691, 1514.41333008, 1536.27539063
193, 162, -928.317504883, 899.288513184, -770.77130127, 1434.51574707, 1546.81982422
194, 162, -922.846557617, 829.794555664, -776.899658203, 1516.67907715, 1517.48266602
195, 176, -824.353210449, 16102.7431641, -758.747131348, 15739.6992188, 1455.58227539
195, 162, -915.563903809, 757.232727051, -728.14630127, 413.089355469, 1530.74511719
196, 162, -911.227966309, 687.429504395, -716.349853516, 217.376556396, 1570.43395996
196, 176, -494.023651123, 16102.3847656, -485.356323242, 15743.2167969, 1288.57189941
197, 162, -911.694763184, 417.972045898, -708.180419922, 92.2842025757, 1548.1463623
198, 162, -807.287658691, -329.84576416, -704.031494141, 29.4357891083, 1542.71862793
198, 176, -475.565612793, 15349.7871094, -424.850006104, 15345.3310547, 1401.83251953
199, 162, -685.392700195, -558.35736084, -717.061157227, -92.8275299072, 1571.81311035
199, 176, -478.56842041, 15336.5332031, -477.747406006, 15334.0439453, 1513.16040039
199, 191, -1248.62084961, 15706.9882813, -1192.96679688, 15700.1357422, 915.162658691
200, 162, -680.942687988, -611.864074707, -633.290222168, -31.3125133514, 1566.71386719
200, 191, -1300.98376465, 15720.1748047, -477.509185791, 15335.6767578, 1405.87438965
201, 192, -1283.72631836, 15319.8789063, -464.859619141, 14622.7851563, 1529.62182617
201, 162, -681.0859375, -609.634460449, -495.901000977, -981.597351074, 1548.99987793
202, 162, -674.067810059, -719.612365723, -561.193603516, -1228.47521973, 1546.25231934
202, 192, -461.379943848, 14274.0185547, -458.744842529, 14270.7265625, 1548.00317383
202, 194, -1248.69689941, 14614.4912109, -1230.1394043, 14275.3681641, 1523.95812988
203, 192, -485.851287842, 12991.5390625, -435.413696289, 12993.609375, 1487.30908203
203, 162, -633.30645752, -1322.60778809, -539.493164063, -1276.77331543, 1560.35070801
204, 162, -567.590637207, -1729.22167969, -553.21484375, -1369.8449707, 1579.13244629
204, 192, -484.974945068, 13003.6435547, -436.52053833, 13000.5429688, 1433.75720215
205, 162, -408.454986572, -1982.68615723, -492.436096191, -1418.89489746, 1571.05480957
205, 192, -679.701660156, 12978.2304688, -484.645507813, 12973.7333984, 1468.57507324
206, 162, -387.177734375, -2062.09863281, -325.205749512, -1324.81762695, 1546.07739258
207, 162, -404.190887451, -2064.03979492, -189.012619019, -2219.75097656, 1541.45397949
207, 202, -1105.51330566, 12683.8671875, -575.22088623, 12682.8710938, 1568.59130859
208, 162, -323.381530762, -2332.66259766, -262.010742188, -2658.0546875, 1548.31835938
209, 162, -403.225006104, -2446.14794922, -261.75100708, -2656.50341797, 1531.16052246
209, 202, -1344.16955566, 11822.2050781, -553.401000977, 11818.0927734, 1476.36853027
210, 162, -274.545928955, -3205.05151367, -258.19543457, -2760.7019043, 1564.2857666
210, 202, -1454.80236816, 12101.5644531, -1360.77539063, 12093.3173828, 1303.22692871
210, 208, -776.526062012, 11540.3525391, -832.266662598, 11816.875, 900.659362793
211, 162, -252.91104126, -3381.19799805, -263.038421631, -2623.34887695, 1537.61499023
211, 208, -757.172851563, 11026.0654297, -578.691162109, 11019.6181641, 1471.5579834
211, 202, -1498.52844238, 12094.6103516, -1437.16687012, 11820.3984375, 1281.6282959
212, 162, -251.597808838, -3408.37255859, -136.036483765, -3235.40527344, 1512.76281738
212, 208, -703.492675781, 10770.2167969, -439.573455811, 10772.15625, 1434.35070801
212, 202, -1448.6307373, 11279.1181641, -1428.1652832, 11021.1357422, 1405.31347656
213, 162, -250.012878418, -3436.7355957, -121.804664612, -4006.59399414, 1529.57421875
213, 202, -1417.54785156, 10772.4033203, -1411.44213867, 10754.2871094, 1504.31469727
213, 208, -659.706848145, 10753.3818359, -432.674987793, 10525.6074219, 1550.51916504
214, 162, -249.475723267, -3465.76391602, -133.805770874, -4054.38549805, 1511.58422852
214, 202, -1441.49938965, 10526.1376953, -1394.64038086, 10507.7763672, 1581.38867188
214, 208, -652.515869141, 10513.3837891, -390.338104248, 10518.8144531, 1604.07446289
215, 208, -1424.97290039, 10272.1552734, -1363.22900391, 10036.4091797, 1626.73742676
215, 162, -300.811920166, -4259.33886719, -147.336578369, -4055.11279297, 1464.89868164
215, 211, -558.278015137, 10274.6230469, -387.051025391, 10271.9306641, 1587.25354004
216, 162, -218.542541504, -4709.07666016, -160.31111145, -4078.59667969, 1514.23144531
216, 208, -1408.70275879, 10035.1035156, -1294.79602051, 9583.43066406, 1648.68786621
216, 211, -630.421203613, 9806.49316406, -376.672790527, 9807.67285156, 1609.38330078
217, 162, -228.772415161, -4746.82080078, -117.062561035, -4259.15771484, 1459.1829834
217, 208, -1377.47668457, 9577.13964844, -1318.55285645, 9354.72363281, 1609.86254883
217, 211, -649.937438965, 9149.98144531, -365.522399902, 9147.73730469, 1631.2746582
218, 211, -1309.25158691, 9138.16601563, -1251.29272461, 8935.64160156, 1636.6529541
218, 212, -603.165588379, 8938.3984375, -364.880828857, 9140.86230469, 1547.98510742
218, 162, -228.614837646, -4747.13818359, -103.097251892, -5015.58691406, 1505.11169434
219, 211, -1332.70910645, 8931.30566406, -1211.10437012, 8923.19726563, 1658.28564453
219, 212, -562.836608887, 8925.6171875, -360.095214844, 8935.64648438, 1493.94067383
219, 162, -212.645614624, -4856.41748047, -182.687576294, -5381.92871094, 1446.71081543
220, 211, -1267.29821777, 8514.48339844, -349.067321777, 8516.95605469, 1690.03723145
220, 162, -354.82598877, -5381.74121094, -181.98197937, -5396.328125, 1349.64172363
221, 162, -387.616546631, -5527.31103516, -193.008026123, -5396.45117188, 1201.55541992
221, 211, -1240.1217041, 8126.94433594, -1150.01757813, 7930.15527344, 1709.02038574
221, 214, -461.497436523, 8126.30859375, -338.424743652, 7932.95556641, 1518.37536621
222, 211, -1253.64575195, 7750.84472656, -1201.0098877, 7570.52148438, 1594.38513184
222, 214, -461.7081604, 8124.23779297, -339.062774658, 7931.69775391, 1515.81896973
223, 211, -1229.69726563, 7389.08740234, -1153.17199707, 7383.0703125, 1575.80212402
223, 216, -333.076812744, 7386.34472656, -330.433746338, 7388.81298828, 1501.18896484
224, 217, -1216.04516602, 7213.46826172, -1066.90100098, 7203.95166016, 1639.97692871
224, 216, -368.171936035, 7379.63476563, -329.211181641, 7383.76074219, 1522.11584473
225, 217, -1191.52026367, 6861.25, -245.337173462, 6699.81494141, 1647.23352051
226, 216, -312.682983398, 6377.59326172, -278.937591553, 6536.15039063, 1467.73254395
226, 217, -1143.8293457, 6698.43896484, -894.595275879, 6695.47998047, 1646.13134766
227, 216, -312.965881348, 6375.61279297, -239.436462402, 6221.0703125, 1559.54455566
227, 218, -1103.5546875, 6072.99511719, -930.488586426, 6073.62646484, 1667.99719238
228, 216, -304.292175293, 5915.28027344, -236.277893066, 6061.67138672, 1516.57397461
228, 218, -1058.88671875, 5917.35205078, -854.899230957, 5918.05175781, 1551.67492676
229, 216, -298.215209961, 5619.64892578, -235.095428467, 5915.68066406, 1626.24975586
229, 218, -1024.05957031, 5909.17529297, -820.030517578, 5906.19384766, 1643.45629883
230, 216, -286.957427979, 5063.56396484, -61.4681434631, 4931.36181641, 1579.46105957
230, 218, -979.201660156, 5195.82568359, -809.40826416, 5059.65185547, 1565.39343262
231, 216, -252.256408691, 4797.94921875, -60.2235527039, 4792.625, 1605.16674805
231, 218, -866.714477539, 4928.26269531, -803.548400879, 4922.84521484, 1600.10791016
232, 218, -1017.86334229, 4787.68017578, -858.94543457, 4794.44091797, 1673.37976074
232, 216, -284.873199463, 4923.80859375, -122.930587769, 4789.265625, 1621.34716797
233, 218, -963.778930664, 3938.67773438, -817.723999023, 4052.70019531, 1677.39172363
233, 216, -239.73348999, 4048.83203125, -177.853530884, 4052.18237305, 1536.89929199
233, 222, 4.78214788437, 15348.4765625, 8.80855083466, 14969.5566406, 664.652770996
234, 218, -963.196472168, 3936.13085938, -780.403869629, 3934.95239258, 1681.14916992
234, 216, -234.493057251, 3821.16577148, -117.041870117, 3935.92895508, 1557.89147949
235, 218, -938.748168945, 3591.04589844, -791.833618164, 3590.9375, 1632.20373535
235, 216, -232.071655273, 3706.60351563, -25.63397789, 3592.40673828, 1594.19055176
235, 223, -2365.56323242, 12688.765625, -2396.63745117, 12976.5849609, 1337.82055664
236, 218, -938.372070313, 3166.85522461, -762.545776367, 3061.04345703, 1633.06555176
236, 216, -231.506729126, 3591.78564453, -51.926651001, 2963.19873047, 1604.37158203
237, 218, -960.365783691, 3060.05834961, -841.49420166, 2962.62109375, 1679.68212891
237, 216, -226.764862061, 3373.93139648, -52.980381012, 2961.41821289, 1633.29125977
237, 224, -95.9064102173, 13935.4394531, 56.6116065979, 13606.4287109, 1131.93737793
238, 218, -1047.5847168, 2380.0690918, -876.694213867, 2660.74804688, 1684.56152344
238, 216, -210.944015503, 2378.39355469, -25.3449497223, 2758.85644531, 1545.23083496
238, 224, -43.0038414001, 12987.4589844, 102.942810059, 12679.4355469, 1236.30761719
239, 216, -181.791152954, 2192.45776367, -51.8532676697, 2663.10620117, 1611.48144531
239, 218, -1039.19885254, 2282.94091797, -878.86920166, 2291.78686523, 1739.55090332
240, 216, -180.817123413, 2107.40063477, -22.3160057068, 2016.63879395, 1598.58874512
240, 218, -999.79473877, 2108.21655273, -856.477111816, 1930.74938965, 1670.62145996
241, 216, -173.871566772, 1678.62231445, -71.5114135742, 1434.09228516, 1637.51062012
241, 218, -990.598327637, 1677.61206055, -909.509460449, 1278.93811035, 1716.91491699
241, 225, -39.9952507019, 12971.21875, 7.64468955994, 12683.6220703, 1180.11987305
242, 216, -223.846923828, 1597.37365723, -120.112129211, 1354.90783691, 1587.59057617
242, 218, -1034.27880859, 1594.85351563, -945.974365234, 1433.38476563, 1714.50915527
242, 227, 6.76948833466, 10761.09375, 224.593765259, 10517.015625, 1428.23486328
243, 216, -375.385925293, 829.252319336, -166.709091187, 1124.22143555, 1610.84631348
243, 218, -1118.38012695, 899.291931152, -945.910705566, 1123.91601563, 1679.54211426
243, 227, -37.1578483582, 11025.9677734, 51.5467529297, 10770.0908203, 1307.85791016
243, 228, -1344.1583252, 15353.2382813, -1341.80419922, 15350.3798828, 1361.02758789
244, 227, 5.04951953888, 9801.24511719, 220.86756897, 10034.7294922, 1555.72351074
244, 216, -339.653564453, 414.623535156, -188.836273193, 1051.32617188, 1599.95373535
244, 218, -1032.41113281, 481.320739746, -974.935668945, 899.623291016, 1695.52563477
244, 228, -1342.46569824, 15353.3388672, -1285.19006348, 15349.7353516, 1331.44421387
245, 227, -35.296295166, 10038.9150391, 215.845993042, 9579.015625, 1373.39282227
245, 218, -1025.84216309, 417.240112305, -928.85748291, 348.643951416, 1702.18701172
245, 216, -340.124694824, 412.597473145, -199.292404175, 284.699310303, 1595.04748535
246, 216, -323.545776367, -92.030632019, -255.643920898, -213.57383728, 1648.39941406
246, 218, -1045.52490234, 154.887069702, -973.234863281, -154.107635498, 1671.46862793
246, 227, 5.86025333405, 10038.1162109, 136.373672485, 10264.0507813, 1305.59033203
247, 216, -361.412628174, 349.654968262, -271.506530762, -443.99710083, 1620.4543457
247, 218, -1068.28271484, 153.902954102, -1003.91394043, -272.895141602, 1675.56896973
247, 227, 7.8488984108, 8923.97460938, 249.65927124, 8926.28222656, 1385.30444336
248, 216, -488.406616211, -721.021057129, -311.282928467, -501.517730713, 1581.77990723
248, 218, -1179.28845215, -614.334960938, -982.97869873, -499.398468018, 1675.36413574
248, 227, 87.2089691162, 8929.99902344, 209.31741333, 8922.3828125, 1303.35534668
249, 218, -1149.53344727, -1030.76782227, -982.750610352, -500.672058105, 1706.57922363
249, 216, -448.649597168, -1130.89538574, -292.273986816, -445.278900146, 1625.52111816
249, 227, 44.8844413757, 8317.08789063, 243.172622681, 8513.84667969, 1467.50671387
250, 218, -1149.92163086, -1030.29748535, -1064.23864746, -1083.41638184, 1663.42565918
250, 216, -448.949584961, -1131.83532715, -286.151031494, -1324.17260742, 1595.46679688
250, 227, 81.2470397949, 7567.58935547, 232.146728516, 7569.32080078, 1510.66210938
251, 218, -1097.3692627, -1465.04931641, -1060.51611328, -1772.17285156, 1715.08190918
251, 227, 81.2245864868, 7561.60253906, 267.281463623, 7564.47460938, 1531.61804199
251, 216, -399.909423828, -1371.36157227, -308.827850342, -1772.50097656, 1595.45385742
252, 218, -1191.61694336, -1322.7121582, -1093.76306152, -1940.43469238, 1674.35839844
252, 216, -487.808258057, -1131.82629395, -303.275512695, -1940.90686035, 1602.68347168
252, 227, 79.5619430542, 7380.98681641, 263.047302246, 7214.95947266, 1576.31335449
253, 216, -509.726715088, -2372.00708008, -318.470214844, -2022.22314453, 1606.43041992
253, 218, -1243.94311523, -2143.33374023, -1118.29992676, -2022.97924805, 1668.52893066
253, 227, 153.107513428, 7209.37988281, 263.594055176, 7203.74121094, 1465.20495605
254, 218, -1195.24780273, -2587.55664063, -1108.93322754, -2102.5222168, 1653.03063965
254, 216, -489.757537842, -2692.85644531, -335.741607666, -2022.48718262, 1625.42822266
254, 227, 224.452529907, 7029.33935547, 261.246643066, 7032.09472656, 1587.02954102
255, 218, -1179.92541504, -2691.59594727, -1052.83129883, -2658.94897461, 1650.65563965
255, 216, -487.98046875, -2726.96289063, -357.064117432, -2727.22045898, 1575.69091797
255, 227, 250.085510254, 6377.5078125, 249.932983398, 6223.75, 1400.96484375
256, 227, 248.193237305, 6222.11132813, 249.329528809, 6073.58740234, 1421.27062988
256, 218, -1102.82617188, -2989.07885742, -1067.21948242, -3235.6784668, 1714.61914063
256, 216, -497.29284668, -2826.93188477, -372.082885742, -3380.20629883, 1617.14099121
257, 218, -1139.9465332, -2957.10742188, -1065.26782227, -3548.08764648, 1718.16247559
257, 227, 243.781524658, 5914.07421875, 280.142242432, 5909.50341797, 1515.74047852
257, 216, -529.676391602, -2826.82666016, -367.384735107, -3493.86914063, 1560.0378418
258, 227, 233.826385498, 5195.07275391, 266.638885498, 5197.54638672, 1527.74267578
258, 218, -1208.20898438, -3655.46972656, -1053.39794922, -3629.27929688, 1652.85180664
258, 216, -509.577941895, -3934.69262695, -393.250213623, -3547.93310547, 1639.51464844
259, 227, 200.113739014, 5060.34179688, 264.417053223, 5060.97119141, 1545.56506348
259, 218, -1164.02844238, -4213.73291016, -1054.36047363, -3628.64477539, 1719.47058105
259, 216, -433.740570068, -4236.41845703, -374.322357178, -3628.1340332, 1621.15209961
260, 216, -430.51574707, -4280.67089844, -315.561981201, -4215.08984375, 1545.64868164
260, 227, 228.710144043, 4797.28662109, 294.422454834, 4927.89501953, 1567.62536621
260, 218, -1143.24816895, -4324.75097656, -1035.51306152, -4345.8828125, 1637.2088623
261, 218, -1215.05456543, -4612.43066406, -996.18927002, -4802.40429688, 1751.63366699
261, 216, -419.080474854, -4259.78271484, -212.571334839, -4857.66357422, 1619.32983398
261, 227, 256.66583252, 4538.66894531, 325.185150146, 4793.97363281, 1516.48242188
262, 227, 281.70993042, 4170.28125, 468.878875732, 4290.82421875, 1593.61022949
262, 218, -1512.8894043, -4893.06347656, -1031.2701416, -5066.19970703, 1750.07568359
262, 216, -424.79989624, -4366.88232422, -241.304000854, -5015.41845703, 1586.42285156
263, 227, 310.935241699, 4168.75048828, 800.924621582, 3593.30957031, 1566.92419434
263, 218, -1222.06164551, -5032.61523438, -1022.04016113, -5115.38134766, 1605.29748535
263, 216, -364.45324707, -5411.37890625, -263.610046387, -5032.16601563, 1596.70959473
264, 218, -1249.29174805, -5527.24853516, -1032.8470459, -5116.04931641, 1585.50964355
264, 227, 522.308349609, 4050.53051758, 894.781311035, 3702.47949219, 1567.73791504
265, 232, 1149.06787109, 3164.65942383, 902.556518555, 3816.52514648, 1558.28796387
266, 232, 1327.46057129, 2957.76196289, 971.457214355, 3931.74243164, 1565.27380371
267, 232, 1310.08508301, 3063.98022461, 1375.63220215, 3164.52612305, 1583.20812988
268, 233, 1945.47058105, 2565.38183594, 1944.58581543, 2566.81176758, 1513.29516602
269, 233, 1581.12341309, 2962.38354492, 1905.62121582, 2289.96289063, 1505.65380859
270, 233, 2077.74829102, 2197.71411133, 1944.09619141, 2379.26806641, 1569.70532227
271, 233, 1931.8605957, 2291.04101563, 1959.01794434, 2290.2890625, 1382.21057129
281, 236, 3362.46337891, -1080.86621094, 3458.79223633, -1033.99645996, 1518.24121094
282, 236, 3423.80786133, -1181.00622559, 3464.16137695, -1180.37109375, 1489.26171875
284, 237, 3741.11474609, -1729.16711426, 3668.38769531, -1771.85375977, 1477.98840332
285, 237, 3794.5859375, -1772.71972656, 3758.67041016, -1642.94616699, 1414.36328125
286, 237, 3674.66040039, -2408.9621582, 3648.9753418, -1774.65698242, 1504.68713379
287, 237, 3725.67602539, -2408.16748047, 3848.07202148, -2063.40869141, 1430.74365234
303, 255, -481.829284668, 15720.3144531, -480.058044434, 15729.9140625, 978.268615723
304, 258, -470.288574219, 14967.1152344, -462.303955078, 14619.1875, 1220.40771484
305, 258, -453.557220459, 13932.0390625, -445.242034912, 13619.1123047, 1204.88952637
306, 258, -469.702484131, 14970.0039063, -467.466430664, 14966.1943359, 1162.70141602
308, 261, -447.324737549, 13604.1015625, -444.710510254, 13608.4335938, 1147.96557617
309, 261, -447.416320801, 13606.4199219, -439.419433594, 13307.5, 1186.77038574
310, 262, -485.43649292, 12987.0888672, -436.990722656, 12991.5205078, 1218.4185791
312, 262, -533.096618652, 12963.0800781, -481.807342529, 12972.6308594, 876.892150879
315, 266, -578.37097168, 11033.3037109, -455.786590576, 11546.6875, 1128.86608887
316, 266, -495.069549561, 11279.1308594, -406.781616211, 11282.015625, 1086.1060791
318, 266, -482.980316162, 10768.6054688, -437.887084961, 10768.1259766, 1043.22412109
319, 266, -570.895446777, 10769.3154297, -439.386871338, 10767.765625, 1116.01879883
320, 266, -659.038696289, 10767.0458984, -482.201141357, 10765.7314453, 1145.34240723
322, 266, -465.940460205, 10038.9902344, -636.266723633, 10034.03125, 1261.21459961
323, 266, -694.636962891, 10525.9824219, -565.12512207, 10528.5878906, 1103.61877441
324, 266, -528.280944824, 9144.30566406, -568.33416748, 9142.02539063, 1068.26928711
325, 266, -561.897033691, 8939.51855469, -563.695922852, 8939.93164063, 1237.19482422
326, 266, -609.75982666, 9135.58398438, -603.406677246, 8944.59570313, 990.293457031
327, 266, -638.020751953, 8718.41601563, -594.754150391, 8712.85253906, 1365.10693359
328, 266, -674.713623047, 8709.14941406, -589.677734375, 8516.49707031, 1351.72998047
329, 266, -631.217956543, 8516.4375, -590.197265625, 8514.02734375, 1315.09265137
330, 266, -602.173950195, 7743.44140625, -559.433898926, 7570.62402344, 1210.79821777
331, 266, -447.990936279, 7560.70800781, -596.20703125, 7563.56298828, 1287.01611328
332, 266, -590.92980957, 7389.18017578, -481.135345459, 7387.67089844, 1234.56103516
333, 266, -556.142456055, 7382.23828125, -517.942504883, 7380.53857422, 1203.86865234
334, 266, -590.401550293, 7373.58691406, -479.773590088, 7373.96533203, 1227.6048584
335, 266, -573.964233398, 6866.05175781, -466.853607178, 6866.93359375, 1377.16845703
335, 272, 7259.85449219, 5060.04638672, 7260.46582031, 5058.67675781, 977.367492676
336, 266, -566.504150391, 6533.77197266, -557.765991211, 6375.33691406, 1362.27893066
337, 266, -583.215393066, 6072.90722656, -547.80657959, 6068.93798828, 1383.18432617
338, 266, -613.946899414, 5915.12158203, -543.881164551, 5912.5390625, 1395.68054199
339, 266, -647.41217041, 5906.33691406, -544.991394043, 5907.88720703, 1391.62194824
340, 266, -723.874694824, 5335.48925781, -526.603149414, 5336.74560547, 1397.21582031
341, 266, -711.027709961, 5064.89355469, -549.827392578, 5059.21679688, 1355.14733887
342, 266, -672.569458008, 4927.0859375, -575.749633789, 4923.81884766, 1342.16113281
343, 266, -775.841491699, 5058.04492188, -572.793762207, 4800.72460938, 1383.75561523
344, 266, -783.139587402, 4536.9453125, -655.88293457, 4537.36572266, 1456.35205078
345, 266, -786.847717285, 4049.86376953, -700.960571289, 4168.328125, 1448.78234863
346, 266, -841.687988281, 3938.50366211, -719.029846191, 3940.14990234, 1449.03442383
347, 266, -804.177368164, 3822.03125, -714.723266602, 3822.06542969, 1470.04711914
348, 266, -781.590026855, 3930.03222656, -708.120056152, 3705.69897461, 1408.11132813
349, 266, -775.324645996, 3822.46557617, -702.792785645, 3591.11083984, 1424.83862305
350, 266, -902.559875488, 3061.21630859, -709.699829102, 3162.56884766, 1407.68334961
351, 266, -875.563720703, 3056.71923828, -682.096191406, 3164.63208008, 1397.87988281
352, 266, -840.094543457, 2954.22021484, -678.005493164, 3061.39575195, 1446.16137695
353, 266, -855.265319824, 2759.86645508, -570.421081543, 2565.56738281, 1452.68054199
354, 266, -834.251403809, 2856.38867188, -485.348937988, 2472.94628906, 1467.78369141
355, 266, -651.71862793, 2565.0078125, -484.813781738, 2471.79516602, 1385.96557617
356, 266, -448.917907715, 2192.9987793, -478.337799072, 2289.56005859, 1458.5390625
357, 266, -386.257049561, 1931.29504395, -508.010406494, 2381.17724609, 1424.98876953
358, 266, -378.323455811, 1681.23840332, -346.02243042, 2377.27441406, 1410.39794922
359, 266, -378.906799316, 1677.27612305, -148.502716064, 1595.57543945, 1415.96411133
360, 266, -351.075836182, 1596.41223145, -22.418214798, 1356.70629883, 1396.43273926
361, 266, -222.777786255, 1517.94836426, -21.0228176117, 1277.671875, 1373.32434082
362, 266, -141.068481445, 1048.08837891, -20.0404167175, 1050.56335449, 1385.74621582
363, 266, 2.45950174332, 830.501464844, -20.8900661469, 1431.74084473, 1440.55615234
364, 266, 2.60432815552, 481.58416748, 3.87638640404, 976.699462891, 1456.28967285
365, 266, 3.1200978756, 481.187927246, 299.101013184, 345.196533203, 1404.99743652
366, 266, 3.41213774681, 480.902038574, 332.655975342, -32.2479515076, 1408.72399902
367, 266, 117.898132324, 483.356719971, 353.769470215, -30.5769062042, 1388.24938965
368, 266, 344.536102295, -329.662963867, 330.754760742, -95.8317642212, 1473.2644043
369, 266, 460.879669189, -558.990539551, 349.221038818, -153.713500977, 1454.16088867
370, 266, 438.492095947, -613.572998047, 491.278289795, -387.63583374, 1426.76733398
371, 266, 415.584838867, -666.298095703, 524.699645996, -930.146728516, 1436.5546875
372, 266, 431.157928467, -773.311523438, 467.607025146, -1276.46887207, 1414.10656738
373, 266, 459.966125488, -1031.07226563, 469.501586914, -1229.23034668, 1407.57263184
374, 266, 409.594665527, -1686.39111328, 481.775726318, -1371.61035156, 1469.08569336
375, 266, 433.352722168, -1941.48120117, 463.42300415, -1369.6262207, 1429.51342773
376, 266, 431.942626953, -1982.53039551, 541.575256348, -1642.51086426, 1399.92480469
377, 266, 429.953277588, -2022.74841309, 673.670532227, -2295.86450195, 1423.10302734
378, 266, 427.724609375, -2061.32910156, 650.987243652, -2587.67089844, 1386.17675781
379, 266, 530.894348145, -2371.91308594, 647.491271973, -2622.95751953, 1353.76538086
380, 266, 617.989807129, -3173.95629883, 596.192993164, -2860.15258789, 1408.0201416
381, 266, 616.395568848, -3206.77050781, 690.299499512, -2517.35595703, 1413.14733887
382, 266, 614.323669434, -3235.55932617, 748.234130859, -2957.33642578, 1362.09899902
383, 266, 613.76751709, -3235.36962891, 881.686462402, -3759.79663086, 1389.04943848
384, 266, 693.46673584, -3352.78100586, 871.560546875, -3836.64453125, 1347.82727051
385, 266, 772.890991211, -4192.18017578, 839.071838379, -3982.93554688, 1436.19689941
386, 266, 834.991577148, -4512.26318359, 854.903259277, -3860.74511719, 1429.16369629
387, 266, 844.883850098, -4532.70458984, 1008.32580566, -3860.81445313, 1417.79394531
388, 266, 857.22064209, -4532.64208984, 978.721679688, -4708.82421875, 1409.7911377
389, 266, 854.441467285, -4552.1640625, 913.947998047, -5032.92382813, 1432.47900391
390, 266, 786.582580566, -5032.11572266, 900.177307129, -5115.55957031, 1333.67456055
391, 266, 781.858825684, -5441.20019531, 897.110046387, -5131.9921875, 1391.99829102
392, 266, 832.285644531, -5527.26123047, 962.725708008, -4946.14746094, 1050.50512695
393, 266, 800.250549316, -5527.31152344, 989.782836914, -5527.32421875, 1046.43676758
394, 266, 821.394165039, -5527.26708984, 1031.8840332, -5527.15429688, 919.183166504
