0, 0, -1805.26745605, -2060.7824707, -1802.44165039, -1816.14050293, 1020.70440674
0, 1, -1310.03369141, -1815.57067871, -1297.46777344, -1774.63537598, 983.551635742
1, 0, -1804.61120605, -2063.04931641, -1775.71130371, -1857.3170166, 1029.25134277
1, 1, -1316.6730957, -1771.71081543, -1261.95471191, -1773.24572754, 967.88458252
2, 0, -1804.7956543, -2062.68359375, -1673.20336914, -2102.79272461, 1039.35144043
2, 1, -1267.64099121, -1982.60998535, -1131.74328613, -2061.62939453, 968.748291016
3, 0, -1743.66455078, -2104.11401367, -1625.05541992, -2258.48242188, 1008.63537598
3, 1, -1267.34289551, -1981.75842285, -1125.99047852, -2104.55908203, 1004.16461182
3, 12, -2458.08740234, 2565.140625, -2440.14868164, 2473.49560547, 655.471679688
4, 1, -1232.17077637, -2102.80908203, -1126.19055176, -2104.22436523, 984.595153809
4, 0, -1822.77746582, -2142.02563477, -1576.46948242, -2332.38110352, 1000.51635742
5, 1, -1085.93054199, -2408.40478516, -1089.89306641, -2371.02636719, 1049.97058105
5, 0, -1608.64233398, -2516.35742188, -1562.19946289, -2407.50610352, 1073.11303711
5, 23, -2782.07348633, 2291.859375, -2799.58520508, 2379.16699219, 682.411315918
6, 0, -1572.36755371, -2691.4284668, -1590.8614502, -2517.55371094, 1055.99401855
6, 1, -1086.62060547, -2406.95874023, -1073.42443848, -2370.9753418, 1006.6005249
6, 12, -2398.22363281, 2380.52124023, -2413.98779297, 2470.1328125, 633.173706055
7, 1, -1075.48669434, -2481.85766602, -921.123657227, -2657.56665039, 986.146911621
7, 0, -1572.31774902, -2691.74121094, -1511.02416992, -2588.07080078, 1019.95373535
7, 12, -2759.7019043, 2191.4543457, -2396.5300293, 2376.35205078, 748.11920166
8, 1, -1070.24365234, -2517.47900391, -907.971740723, -2761.03100586, 1043.29870605
8, 0, -1549.77978516, -2726.94238281, -1379.28112793, -2859.81323242, 1039.52197266
8, 12, -2740.26245117, 2106.68725586, -2362.51025391, 2194.98388672, 768.300048828
9, 1, -998.76940918, -2693.00219727, -908.456665039, -2760.09375, 1025.27722168
9, 0, -1523.41113281, -2860.67993164, -1361.74243164, -2957.70898438, 1078.8482666
9, 32, 1780.24804688, -5366.83886719, 1774.46972656, -5351.97949219, 1363.99926758
10, 34, 1757.51623535, -5099.34912109, 1792.05957031, -5132.67333984, 1360.95690918
10, 1, -840.094116211, -3083.57128906, -885.499694824, -2957.50537109, 1022.45123291
10, 0, -1412.9128418, -3020.66552734, -1334.41467285, -3021.52612305, 1054.84558105
10, 29, 1179.25524902, -5527.29638672, 1252.91247559, -5527.28173828, 1122.4888916
11, 0, -1362.77624512, -3206.90478516, -1353.23413086, -3176.42773438, 1089.96911621
11, 1, -832.865905762, -3144.99462891, -784.005371094, -3021.20532227, 1033.69006348
11, 29, 1136.8848877, -5527.23291016, 1167.85095215, -5527.28808594, 1247.1418457
11, 34, 1555.88415527, -4963.83056641, 1495.40197754, -5015.20556641, 1301.43225098
11, 12, -2382.12744141, 2018.73596191, -2382.58496094, 2019.19470215, 763.275146484
12, 1, -768.468566895, -3176.65966797, -637.159790039, -3265.09765625, 995.186645508
12, 29, 1094.7109375, -5527.20654297, 841.474365234, -5336.84033203, 1347.19396973
12, 39, 1457.77294922, -4981.15283203, 1471.76672363, -5015.54150391, 1374.67333984
12, 12, -2640.44335938, 1761.15979004, -2639.75878906, 1760.61437988, 806.554077148
12, 0, -1290.42602539, -3436.62084961, -1353.37524414, -3176.07299805, 1091.37255859
12, 41, -2308.69458008, 1762.2286377, -2323.31616211, 1847.0958252, 414.779907227
13, 1, -795.767578125, -3204.41308594, -624.103942871, -3410.46435547, 1053.84106445
13, 12, -2683.88623047, 1844.86608887, -2332.8112793, 1760.98950195, 752.455932617
13, 39, 1402.00024414, -4572.30664063, 1334.5045166, -4593.13476563, 1251.05822754
13, 0, -1251.29711914, -3409.74584961, -1196.77709961, -3380.14697266, 1067.34631348
13, 29, 1084.63244629, -5527.04638672, 813.31237793, -5165.19970703, 1401.8659668
14, 1, -729.035583496, -3408.8034668, -621.745300293, -3438.66259766, 1058.66882324
14, 12, -2630.82592773, 1598.21557617, -2317.36254883, 1676.90319824, 801.394287109
14, 39, 1363.1270752, -4632.09130859, 1243.25683594, -4552.53320313, 1311.96875
14, 0, -1174.59472656, -3602.68115234, -1111.02685547, -3630.48291016, 1148.83898926
14, 29, 998.47668457, -5132.69873047, 816.634643555, -5212.78173828, 1344.61901855
15, 0, -1250.65148926, -3657.00488281, -1131.00793457, -3683.0847168, 1100.35656738
15, 29, 683.848510742, -4728.99560547, 813.000732422, -5165.43945313, 1411.98950195
15, 1, -655.29901123, -3860.3581543, -621.594787598, -3438.75146484, 1108.99621582
15, 39, 1343.4753418, -4553.10107422, 1052.41894531, -4345.83007813, 1288.55102539
16, 0, -1125.95715332, -3886.10693359, -1105.9765625, -3835.26391602, 1142.51269531
16, 29, 665.461181641, -4670.96826172, 756.906982422, -4997.80810547, 1424.50634766
16, 39, 1254.9810791, -4236.74023438, 1056.05749512, -4323.98242188, 1281.72338867
16, 1, -668.392578125, -3860.5559082, -612.855895996, -3548.55664063, 1118.73168945
17, 39, 976.896240234, -3982.67163086, 1054.63793945, -4258.75830078, 1281.78063965
17, 0, -1059.21459961, -4123.87158203, -1112.25, -3886.32006836, 1153.93652344
17, 29, 673.130065918, -4709.88818359, 489.511779785, -4573.92382813, 1332.7800293
17, 1, -654.91583252, -3859.96069336, -529.143737793, -4031.41772461, 1136.19055176
18, 12, -2512.52856445, 1276.35070801, -2380.30395508, 1355.88305664, 845.042419434
18, 1, -641.18359375, -3860.69482422, -506.852752686, -4146.97070313, 1121.51989746
18, 29, 672.966125488, -4709.26123047, 388.363708496, -4387.58398438, 1335.9263916
18, 0, -1059.24938965, -4124.23632813, -1015.23101807, -3885.96069336, 1115.0300293
18, 39, 959.555053711, -3910.3046875, 990.20098877, -3983.24121094, 1236.10717773
19, 1, -606.776916504, -4078.32666016, -491.443817139, -4169.65673828, 1105.74060059
19, 42, -2464.43701172, 1052.65881348, -2349.92211914, 1199.77856445, 816.030212402
19, 0, -1045.68481445, -4124.44824219, -869.135192871, -4237.60888672, 1107.18395996
19, 39, 935.384033203, -3886.04833984, 847.137573242, -3809.90161133, 1230.45678711
19, 29, 607.493041992, -4389.00927734, 400.630310059, -4387.67724609, 1311.9666748
20, 42, -2449.05541992, 978.322875977, -2319.66503906, 1048.46447754, 806.994140625
20, 0, -1108.19750977, -4302.47412109, -845.08782959, -4410.68359375, 1156.81030273
20, 12, -2212.22363281, 1123.61950684, -2032.33972168, 1353.54943848, 823.382385254
20, 39, 928.089111328, -3836.03149414, 698.890869141, -3602.58081055, 1230.57067871
20, 1, -451.291168213, -4532.53808594, -461.445037842, -4215.64746094, 1162.2277832
20, 29, 287.179321289, -4055.20996094, 389.279541016, -4366.97802734, 1295.13061523
21, 29, 138.210891724, -4029.4440918, 357.010620117, -4259.7890625, 1324.04333496
21, 39, 919.76159668, -3465.65356445, 698.987304688, -3601.77514648, 1183.23876953
21, 1, -410.946258545, -4573.28759766, -460.289794922, -4236.50097656, 1147.34533691
21, 0, -903.458984375, -4451.22509766, -858.548034668, -4410.30175781, 1102.21057129
22, 1, -410.947265625, -4573.20166016, -291.768981934, -4690.32324219, 1128.92175293
22, 0, -774.965576172, -4839.11230469, -815.271789551, -4632.07421875, 1164.66760254
22, 39, 754.660644531, -3205.17016602, 697.982421875, -3466.33422852, 1224.38012695
22, 29, 167.800033569, -3934.63037109, 85.415184021, -3860.76367188, 1245.45544434
23, 29, 125.901252747, -3958.60693359, -125.994400024, -3707.94262695, 1274.80383301
23, 0, -770.038757324, -4875.00976563, -792.489013672, -4612.49072266, 1165.15490723
23, 1, -407.914367676, -4612.72314453, -247.75378418, -4874.70068359, 1172.03723145
23, 39, 638.92779541, -3294.53833008, 646.715820313, -3204.61328125, 1231.14599609
24, 1, -375.199615479, -4728.50244141, -235.082260132, -4893.05224609, 1096.33203125
24, 0, -770.142333984, -4876.13671875, -662.471313477, -4874.92578125, 1124.67150879
24, 29, 114.943656921, -3810.04785156, -114.037612915, -3628.26586914, 1244.78222656
24, 39, 620.930114746, -3145.53515625, 570.815124512, -2989.22705078, 1163.35839844
24, 12, -2346.21728516, 828.709289551, -1931.93457031, 905.229187012, 902.798400879
25, 1, -175.637084961, -5244.58740234, -206.168273926, -5032.50634766, 1146.96435547
25, 53, -2344.81176758, 484.465911865, -2270.32299805, 688.727661133, 845.219177246
25, 0, -824.49609375, -5065.98193359, -526.064941406, -5180.80078125, 1172.88305664
25, 29, -57.4654922485, -3409.40332031, -132.75402832, -3410.42553711, 1204.3939209
25, 39, 605.979003906, -3144.80419922, 389.439697266, -2827.12036133, 1186.33813477
25, 12, -1920.19616699, 830.669250488, -1907.84729004, 899.350524902, 841.010437012
26, 39, 601.810913086, -2793.47460938, 386.335998535, -2891.79541016, 1143.46630859
26, 29, -143.427871704, -3602.46630859, -127.86252594, -3629.59472656, 1281.93994141
26, 1, -163.501464844, -5275.98583984, -220.427703857, -4963.73193359, 1131.81347656
26, 53, -2389.26757813, 482.229827881, -2270.35400391, 687.716552734, 846.114562988
26, 12, -1883.27648926, 618.221923828, -1871.94750977, 688.153564453, 913.570800781
26, 0, -739.253173828, -5015.17382813, -522.893920898, -5212.84619141, 1165.8170166
27, 1, -129.963912964, -5306.43652344, 22.3738327026, -5527.07861328, 1119.01538086
27, 0, -513.613098145, -5527.09033203, -515.372131348, -5291.16748047, 1198.2791748
27, 53, -2352.82348633, 414.200622559, -2216.41357422, 415.258392334, 861.870849609
27, 39, 422.284759521, -2517.53393555, 392.520690918, -2760.01391602, 1173.57116699
27, 29, -228.559799194, -3173.96069336, -262.769561768, -3083.03808594, 1141.38806152
27, 12, -1848.43505859, 414.886871338, -1827.30151367, 417.941314697, 923.674926758
28, 53, -2352.88549805, 413.876739502, -2216.26611328, 413.277374268, 835.942871094
28, 1, -106.868850708, -5381.74755859, 22.4863986969, -5527.25488281, 1038.00366211
28, 39, 382.759216309, -2622.05004883, 381.188262939, -2658.66918945, 1200.63818359
28, 29, -229.294845581, -3143.92724609, -377.324981689, -2958.32568359, 1205.77441406
28, 12, -1827.93383789, 417.97744751, -1837.23876953, 483.279754639, 925.100952148
28, 0, -471.493804932, -5527.21728516, -481.865356445, -5526.91552734, 1117.49804688
29, 53, -2352.47485352, 413.089355469, -2215.41577148, 412.421020508, 835.535705566
29, 29, -230.005462646, -3145.01367188, -389.62677002, -2727.76855469, 1231.22888184
29, 12, -1793.67138672, 351.149505615, -1713.47009277, 417.201721191, 896.949279785
29, 39, 361.43359375, -2370.83740234, 276.24017334, -2369.50170898, 1118.53735352
29, 0, -471.522888184, -5527.24560547, -429.31439209, -5526.90039063, 1047.92614746
29, 1, -61.4081306458, -5527.31933594, 75.2616729736, -5527.29443359, 1003.33685303
30, 58, -1339.96618652, -1228.82739258, -1347.78991699, -1033.12731934, 1031.0760498
30, 59, -815.776916504, -978.72869873, -920.376953125, -930.214111328, 1058.19189453
30, 60, -1884.6472168, -1322.55114746, -1798.7454834, -1369.67810059, 973.80291748
30, 61, -309.326080322, -557.832397461, -348.624633789, -611.041870117, 1093.17041016
30, 62, 1793.68200684, -1323.33251953, 1774.78417969, -1322.42480469, 1089.39880371
31, 59, -816.2421875, -978.078918457, -950.998291016, -826.875915527, 1102.0592041
31, 58, -1345.21264648, -1323.69165039, -1146.72680664, -1370.95654297, 949.304199219
31, 60, -1826.9197998, -1418.9395752, -1751.60778809, -1415.4699707, 1007.61474609
31, 63, -352.581939697, -501.013977051, -457.971038818, -500.907531738, 1257.14916992
32, 61, -352.527374268, -501.469360352, -508.799041748, -329.576202393, 1037.76281738
32, 60, -1772.40893555, -1599.78442383, -1704.75866699, -1464.98510742, 1018.68682861
32, 59, -820.842285156, -930.67175293, -976.098327637, -774.376403809, 1088.15893555
32, 58, -1306.58764648, -1324.34558105, -1146.6817627, -1371.22058105, 947.188842773
33, 60, -1718.25769043, -1687.60632324, -1598.89929199, -1732.28588867, 983.35736084
33, 58, -1173.89355469, -1599.01928711, -1079.28833008, -1462.91333008, 1027.34448242
33, 63, -888.664123535, -611.477905273, -993.592529297, -610.355224609, 1017.28900146
33, 61, -430.701721191, -151.272766113, -518.143066406, -157.013397217, 1005.04003906
34, 58, -1041.46472168, -1771.83691406, -1052.06591797, -1685.41967773, 1008.13793945
34, 59, -873.411071777, -554.496826172, -997.108398438, -556.172546387, 1003.0369873
34, 60, -1709.97314453, -1729.6673584, -1485.64050293, -1857.58081055, 1017.62536621
34, 63, -517.846679688, -152.578552246, -539.100585938, -152.805007935, 1126.05969238
35, 60, -1646.50036621, -1774.56945801, -1454.15844727, -1941.03942871, 1030.43798828
35, 59, -882.51159668, -444.984710693, -982.050048828, -500.845581055, 1022.78186035
35, 61, -545.462585449, -32.5538444519, -564.573730469, -94.1766052246, 1053.42626953
35, 58, -1023.61199951, -1774.18041992, -1033.88232422, -1686.96569824, 1015.2958374
36, 60, -1472.23327637, -2142.86083984, -1439.43347168, -2023.26831055, 1073.87438965
36, 58, -1030.97692871, -1858.80688477, -859.36114502, -1941.60974121, 1005.19439697
36, 61, -677.153503418, -32.1045379639, -717.714416504, -90.7739257813, 926.016479492
37, 60, -1421.8807373, -2332.9597168, -1432.14941406, -2063.29150391, 1031.67907715
37, 58, -1008.70043945, -1900.0847168, -826.463134766, -2101.75268555, 1011.49719238
37, 61, -820.977844238, -153.785980225, -721.370117188, -32.8074378967, 967.087341309
38, 60, -1398.31311035, -2369.26733398, -1306.55895996, -2409.54370117, 1072.53308105
38, 61, -756.381835938, 155.059768677, -720.290466309, 280.68170166, 927.205200195
38, 58, -858.645874023, -2141.90966797, -822.209472656, -2142.06347656, 1079.41479492
39, 61, -792.248413086, 345.672576904, -837.759338379, 345.342102051, 959.440734863
39, 58, -779.626098633, -2409.05200195, -749.14440918, -2371.2421875, 1074.21533203
39, 60, -1398.08300781, -2372.12011719, -1222.63574219, -2622.79394531, 1063.12731934
40, 60, -1333.36889648, -2552.57714844, -1217.33764648, -2658.56005859, 1109.78076172
40, 58, -715.755004883, -2553.21777344, -766.245300293, -2371.91308594, 1072.33789063
40, 61, -840.542053223, 93.1239547729, -885.423217773, 91.3469619751, 1014.44116211
41, 58, -715.968933105, -2551.95410156, -637.824157715, -2481.28686523, 1052.81506348
41, 60, -1229.43969727, -2892.54882813, -1217.40734863, -2657.20263672, 1079.35766602
41, 61, -835.49987793, 29.4186382294, -878.781005859, 29.3893318176, 1052.89477539
42, 60, -1170.84875488, -2958.25708008, -1196.27844238, -2691.33276367, 1112.74243164
42, 58, -677.359985352, -2623.17773438, -537.050231934, -2727.62451172, 1072.64855957
42, 61, -756.590942383, 153.815155029, -884.63079834, 91.9189758301, 1037.83129883
43, 58, -672.65838623, -2658.44360352, -529.144348145, -2827.57714844, 1096.41149902
43, 61, -765.740478516, 282.63394165, -906.704772949, 346.414672852, 1059.19824219
43, 60, -1161.49108887, -3021.66674805, -1091.6697998, -2957.58642578, 1136.06420898
44, 58, -616.119384766, -2958.15820313, -523.132873535, -2925.69067383, 1108.5703125
44, 60, -1132.40307617, -3114.83862305, -979.615905762, -3205.55834961, 1085.39074707
44, 66, 1765.76245117, -1368.00024414, 1793.796875, -1324.16162109, 1108.09106445
45, 58, -522.014038086, -3175.27197266, -518.403381348, -2990.21435547, 1155.72180176
45, 60, -1136.95605469, -3083.20288086, -952.835266113, -3294.56103516, 1102.18688965
45, 66, 1793.42614746, -1324.60546875, 1813.17614746, -1323.73950195, 1087.08691406
46, 58, -521.481262207, -3175.82299805, -491.964935303, -3143.88305664, 1098.35400391
46, 61, -1030.05187988, 974.444030762, -1126.43237305, 972.641113281, 937.789306641
46, 60, -968.276550293, -3410.2019043, -941.006347656, -3380.14477539, 1147.8215332
47, 58, -504.281188965, -3205.37524414, -378.061401367, -3265.2019043, 1093.23693848
47, 60, -919.11340332, -3655.31518555, -937.703613281, -3409.26953125, 1197.92578125
47, 65, -577.877258301, 1051.63623047, -633.633300781, 1199.65185547, 1005.64202881
47, 61, -1133.8626709, 1048.44299316, -1159.16931152, 1048.5657959, 960.796813965
47, 66, 1774.3067627, -1324.45214844, 1793.35107422, -1323.79064941, 1087.50524902
48, 58, -504.78036499, -3205.21923828, -352.646972656, -3466.74047852, 1141.56982422
48, 60, -905.31060791, -3656.77929688, -823.778381348, -3493.77807617, 1148.86047363
48, 61, -1150.37780762, 977.095458984, -1175.44042969, 977.182006836, 961.046386719
48, 65, -599.757446289, 1511.0871582, -621.322937012, 1434.32409668, 980.055847168
49, 58, -471.520202637, -3465.57446289, -351.46862793, -3494.07177734, 1110.36206055
49, 60, -887.291320801, -3682.63427734, -721.243835449, -3630.19458008, 1113.36035156
49, 61, -1159.0234375, 1051.59338379, -1206.27929688, 1050.72314453, 943.98223877
49, 65, -620.171630859, 1433.11633301, -616.413146973, 1356.33081055, 1093.88342285
50, 60, -870.065002441, -3708.87329102, -618.105102539, -3959.26879883, 1139.79174805
50, 58, -351.509918213, -3785.80859375, -341.698760986, -3682.79370117, 1159.7199707
50, 61, -1181.75244141, 1276.85058594, -1198.85217285, 1201.8470459, 926.712280273
50, 65, -424.520202637, 1516.97180176, -427.843078613, 1593.12463379, 999.48840332
51, 60, -766.805969238, -3860.64624023, -629.358886719, -3982.65698242, 1109.27050781
51, 58, -318.909637451, -3862.30493164, -300.48550415, -3657.21728516, 1178.23840332
51, 61, -1197.28747559, 1432.76806641, -1206.85791016, 1278.84521484, 949.764831543
52, 58, -318.25390625, -3885.38574219, -207.757507324, -3860.6730957, 1136.83911133
52, 60, -644.971862793, -4236.86865234, -604.062927246, -3958.93676758, 1163.48535156
52, 61, -1228.9362793, 1517.25256348, -1230.7989502, 1513.92663574, 881.057189941
53, 61, -1229.09558105, 1516.71447754, -1254.3951416, 1513.81420898, 858.837219238
53, 60, -616.741699219, -4387.58740234, -556.332275391, -4030.31591797, 1138.08374023
53, 58, -315.704681396, -3935.140625, -106.058662415, -4123.765625, 1143.80871582
53, 70, 1813.34875488, -1322.30517578, 1774.80224609, -1322.18212891, 1105.9609375
54, 58, -244.282287598, -4007.18139648, -103.992897034, -4215.18408203, 1179.47021484
54, 60, -616.171569824, -4388.24023438, -512.35949707, -4236.48339844, 1131.80395508
54, 70, 1812.88549805, -1322.38244629, 1755.60766602, -1322.24316406, 1105.87524414
55, 61, -1297.35498047, 1678.26831055, -1322.9831543, 1679.0814209, 893.776184082
55, 58, -126.893203735, -4388.06738281, -103.272087097, -4259.89697266, 1190.8885498
55, 60, -629.51965332, -4388.42919922, -480.803894043, -4632.04492188, 1130.79260254
56, 58, 1.16045951843, -4593.32763672, -75.4017562866, -4409.36621094, 1185.17321777
56, 60, -618.772705078, -4492.50830078, -484.7605896, -4728.02001953, 1185.49584961
56, 61, -1410.94567871, 2019.07666016, -1436.99060059, 2018.7331543, 852.726989746
57, 60, -582.854003906, -4728.22265625, -484.560577393, -4728.41943359, 1134.3236084
57, 58, 1.56605660915, -4632.09082031, 2.52743339539, -4410.01171875, 1172.74633789
58, 58, 1.57962834835, -4670.91064453, 263.146850586, -4857.33105469, 1162.83520508
58, 60, -452.260070801, -5132.34960938, -477.149139404, -4820.79492188, 1230.79699707
58, 80, -1475.28393555, 2107.56860352, -1475.38696289, 2108.11132813, 734.735534668
59, 60, -450.905822754, -5148.46630859, -400.998443604, -4893.08398438, 1179.9486084
59, 58, 1.87610638142, -4728.56689453, 235.485015869, -4963.38867188, 1197.53918457
60, 58, 84.1537857056, -4874.82421875, 233.767837524, -4997.86376953, 1158.43884277
60, 60, -448.551269531, -5165.01171875, -291.677429199, -5164.89599609, 1168.33666992
60, 85, -1496.02099609, 2283.60498047, -1520.32641602, 2283.7331543, 752.00402832
61, 58, 175.874740601, -5336.80859375, 220.369842529, -5049.50634766, 1207.33935547
61, 60, -448.07800293, -5181.16650391, -240.472869873, -5527.08496094, 1200.64123535
62, 58, 184.709701538, -5397.63183594, 204.565979004, -5164.51074219, 1206.99609375
62, 60, -418.680664063, -5527.08642578, -251.023712158, -5527.15429688, 1131.35986328
63, 60, -345.718475342, -5527.30322266, -261.805999756, -5527.27929688, 1018.09783936
63, 58, 184.852416992, -5397.63574219, 390.461151123, -5527.11279297, 1127.54016113
63, 87, -1549.95654297, 2287.75756836, -1602.76965332, 2289.42651367, 697.260070801
64, 60, -408.255737305, -5527.46728516, -261.657440186, -5527.26757813, 902.496948242
64, 58, 222.355697632, -5527.13134766, 442.987884521, -5527.25292969, 1037.27111816
64, 90, -1693.67480469, 2380.3815918, -1693.77355957, 2380.57788086, 676.609619141
65, 58, 306.161346436, -5527.33007813, 495.240722656, -5527.40283203, 1014.49963379
65, 91, -1733.35046387, 2473.16040039, -1733.3104248, 2471.57666016, 841.476867676
66, 88, 4700.5078125, -720.603210449, 4366.50976563, -825.584411621, 1279.35949707
66, 91, -1772.41796875, 2567.69775391, -1772.84008789, 2566.28271484, 920.001342773
66, 93, 1775.07434082, -1322.00366211, 1755.74060059, -1322.32788086, 1092.59338379
67, 88, 4592.25244141, -272.612457275, 4359.4453125, -214.408996582, 1368.78210449
67, 91, -1826.09033203, 2954.85522461, -1813.44897461, 2860.48608398, 834.075012207
68, 91, -1813.60473633, 2860.46899414, -1815.3059082, 2859.87597656, 750.389648438
68, 88, 4322.04589844, -501.444824219, 4243.66552734, -388.783477783, 1473.64172363
69, 88, 4428.71240234, 217.862960815, 4041.58056641, -31.6982975006, 1303.46960449
69, 91, -1854.95788574, 2956.40869141, -1882.3125, 2953.90063477, 751.451171875
70, 91, -1939.78015137, 2959.53662109, -1967.49328613, 2956.40722656, 756.792480469
70, 88, 4246.48876953, 154.488296509, 4066.49511719, 91.413482666, 1384.48620605
71, 88, 3909.93066406, -90.2219619751, 3844.32128906, -91.4878845215, 1388.5378418
71, 91, -2021.60400391, 2955.37792969, -2007.3873291, 2860.17431641, 783.463256836
74, 103, 3711.29638672, -95.2642745972, 3646.63964844, -153.706588745, 1510.12329102
75, 103, 3667.76806641, -94.5794525146, 3648.16088867, -151.915679932, 1510.82116699
75, 100, -2083.03173828, 3164.59008789, -2056.07861328, 3167.97827148, 694.384033203
76, 103, 3689.73022461, -94.1612548828, 3625.21899414, -153.555404663, 1524.01208496
76, 100, -2114.36914063, 3378.09790039, -2130.16796875, 3484.11181641, 638.663452148
77, 103, 3821.45556641, -30.6058807373, 3603.48974609, -92.0934906006, 1441.24487305
78, 103, 3822.484375, 92.6443786621, 3470.76538086, -31.6848735809, 1427.34533691
79, 103, 3800.30517578, 30.0519390106, 3602.0168457, -31.2333774567, 1428.25878906
80, 103, 3778.33105469, 155.782806396, 3536.81225586, -30.0871486664, 1449.1036377
80, 117, 1822.02648926, -1275.06384277, 1745.13745117, -1275.62121582, 1093.10375977
80, 116, -3405.96459961, 3936.69580078, -3379.69335938, 3936.78808594, 498.619262695
81, 103, 3668.68261719, -30.2412204742, 3667.76367188, 29.7781658173, 1449.1036377
81, 118, -2183.49829102, 3814.30371094, -2183.5925293, 3813.73413086, 620.235351563
82, 103, 3800.32861328, -29.9097518921, 3601.72143555, 30.6059627533, 1449.1036377
82, 114, -3351.25927734, 3813.59350586, -3349.39868164, 3812.41088867, 687.573303223
83, 103, 3821.26220703, -31.7124271393, 3514.94970703, -32.6859397888, 1469.59863281
84, 129, -3272.80786133, 3484.96264648, -3239.33984375, 3593.94140625, 737.982421875
84, 103, 3778.37719727, -30.8970241547, 3534.49609375, 28.9083309174, 1480.37390137
85, 103, 3755.61865234, 154.611953735, 3596.92993164, 218.52784729, 1458.65576172
85, 129, -3193.7578125, 3267.09106445, -3079.12280273, 3269.83007813, 704.862854004
86, 103, 3710.44628906, 350.514465332, 3596.78173828, 283.264862061, 1460.83532715
86, 129, -3270.67163086, 3483.32568359, -3131.75756836, 3376.18945313, 704.862854004
87, 103, 3640.37866211, 412.716430664, 3457.69287109, 416.152801514, 1376.31506348
87, 129, -3089.69482422, 3060.20214844, -3032.58813477, 3059.40820313, 731.776306152
88, 103, 3481.52832031, 417.121887207, 3501.20117188, 482.443572998, 1399.58337402
88, 129, -3003.87768555, 3058.52026367, -3003.33032227, 3058.91723633, 722.038452148
88, 138, -2491.98852539, 4410.93554688, -2512.54907227, 4536.52734375, 490.155212402
89, 129, -2977.14111328, 3061.79052734, -3003.83642578, 3059.42114258, 726.965148926
89, 103, 3679.88964844, 1278.53637695, 3654.05957031, 1355.92822266, 1302.42687988
89, 139, -2581.20117188, 4784.95751953, -2557.38647461, 4793.48632813, 464.413848877
90, 129, -2976.04785156, 3060.58056641, -2976.58398438, 3059.63793945, 725.916931152
91, 129, -2953.84716797, 2961.7824707, -2956.71484375, 2962.92382813, 721.683654785
92, 129, -2954.33227539, 2963.94067383, -2956.05029297, 2960.59033203, 749.020141602
92, 143, 1774.60949707, -1323.66223145, 1774.31652832, -1323.35217285, 1106.39172363
93, 129, -2909.99121094, 2760.04956055, -2929.18457031, 2855.84301758, 784.054870605
93, 143, 1793.44604492, -1323.41967773, 1755.58679199, -1323.20739746, 1106.82714844
94, 129, -2911.00415039, 2761.16723633, -2903.76489258, 2858.77368164, 810.93927002
95, 129, -2847.67285156, 2472.80761719, -2839.47216797, 2566.11816406, 856.175476074
95, 143, 1813.45141602, -1322.76672363, 1764.37438965, -1276.76904297, 1150.77099609
96, 129, -2807.17700195, 2291.08203125, -2753.94726563, 2292.30371094, 845.917236328
96, 143, 1736.4765625, -1322.98217773, 1755.71838379, -1322.60888672, 1222.04663086
97, 129, -2826.18139648, 2380.56420898, -2746.80249023, 2379.45922852, 829.264404297
98, 129, -2786.78637695, 2197.73486328, -2707.23046875, 2198.1796875, 883.807006836
99, 129, -2767.46435547, 2106.73730469, -2679.81933594, 2192.98852539, 926.61126709
100, 129, -2785.56518555, 2192.74072266, -2680.68481445, 2194.07910156, 907.058044434
101, 129, -2723.53564453, 2018.62316895, -2713.2097168, 2103.41259766, 865.855773926
102, 129, -2692.4284668, 1763.39025879, -2615.19628906, 1762.93762207, 888.354675293
103, 129, -2657.29541016, 1599.49438477, -2572.24047852, 1677.72253418, 932.16595459
104, 129, -2631.62426758, 1594.71984863, -2554.640625, 1595.63757324, 877.494262695
105, 129, -2654.66918945, 1593.7043457, -2504.93945313, 1598.06567383, 896.266540527
106, 129, -2594.83862305, 1435.20593262, -2437.68286133, 1513.11950684, 970.984558105
107, 129, -2570.92919922, 1432.46557617, -2445.58422852, 1434.51574707, 946.491699219
108, 129, -2521.3059082, 1200.73022461, -2375.15551758, 1201.06347656, 987.534179688
108, 153, -8.40763664246, -5527.36376953, -229.713912964, -5527.16015625, 1201.33056641
109, 129, -2472.43530273, 976.375488281, -2344.12475586, 1049.71386719, 998.306518555
109, 153, -29.8489112854, -5527.13037109, -254.922134399, -5441.13964844, 1282.31396484
110, 153, -139.054244995, -5382.08642578, -257.266082764, -5397.48144531, 1343.07275391
110, 129, -2457.18725586, 904.766845703, -2329.33276367, 979.422363281, 989.651306152
111, 153, -276.510650635, -5015.72558594, -258.199768066, -5381.35107422, 1379.47497559
111, 129, -2394.61572266, 831.461364746, -2313.21704102, 901.829528809, 1046.22033691
112, 129, -2408.86206055, 898.876098633, -2313.31982422, 899.122070313, 972.425231934
112, 153, -289.090942383, -4980.82324219, -328.970916748, -5099.14404297, 1330.68273926
113, 129, -2396.37768555, 619.290710449, -2257.19506836, 619.676147461, 989.099853516
113, 153, -290.593994141, -4963.52099609, -504.436584473, -4651.4375, 1325.43798828
114, 129, -2351.62158203, 412.302886963, -2216.14648438, 415.85647583, 1001.99359131
114, 153, -311.832946777, -4783.88525391, -521.664855957, -4593.21435547, 1312.68566895
115, 129, -2279.58642578, 283.43270874, -2214.55541992, 412.097259521, 1039.02624512
115, 153, -414.663757324, -4512.67089844, -534.073303223, -4592.89697266, 1320.98608398
116, 153, -514.521972656, -4213.69091797, -549.992126465, -4552.28271484, 1340.65515137
116, 129, -2274.4921875, 155.941635132, -2188.77270508, 284.418243408, 1076.5135498
116, 158, 2535.10253906, -5527.2734375, 2271.77319336, -5527.32324219, 1195.34375
117, 153, -534.693054199, -4123.98046875, -620.044189453, -4215.11035156, 1267.62133789
117, 129, -2169.47412109, -30.4214344025, -2125.9519043, -30.616481781, 1072.5723877
117, 158, 2429.57421875, -5527.15576172, 2282.71484375, -5527.26611328, 1295.59375
117, 154, 2093.51879883, -5527.34716797, 1778.31274414, -5527.29931641, 1181.60791016
118, 153, -533.062072754, -4147.01464844, -671.487243652, -3835.21850586, 1310.90881348
118, 129, -2222.37646484, -93.4888458252, -2101.74804688, -152.497756958, 1033.57531738
118, 158, 2296.93139648, -5276.40429688, 2272.6418457, -5527.04003906, 1307.80957031
119, 129, -2240.60595703, -214.548202515, -2089.85473633, -214.226150513, 1103.19873047
119, 154, 1967.79711914, -5526.90087891, 1694.09387207, -5527.31738281, 1269.80529785
119, 153, -548.679626465, -3959.51928711, -679.609375, -3759.69970703, 1272.56481934
119, 158, 2177.50463867, -5244.01464844, 2261.75708008, -5527.04150391, 1384.09545898
120, 129, -2223.60424805, -386.765014648, -2109.9128418, -215.317703247, 1032.44555664
120, 158, 2240.75732422, -5032.50439453, 2250.90063477, -5382.52246094, 1394.74291992
120, 153, -588.495666504, -3656.22509766, -676.313476563, -3785.30932617, 1273.50244141
121, 154, 1609.91113281, -5527.10742188, 1662.5456543, -5527.16992188, 1330.09338379
121, 153, -598.975585938, -3352.46655273, -686.815612793, -3683.07885742, 1294.33642578
121, 129, -2174.31884766, -610.557800293, -2083.9362793, -445.883453369, 1035.62683105
121, 158, 2174.51635742, -5197.17724609, 2075.93701172, -5132.41259766, 1312.17138672
122, 153, -601.620056152, -3323.18847656, -701.925231934, -3379.93701172, 1219.27050781
122, 154, 1546.1607666, -5352.06494141, 1683.15368652, -5527.20410156, 1345.71826172
122, 129, -2153.95288086, -614.173461914, -2029.28149414, -613.976745605, 1083.11999512
122, 158, 2187.27294922, -5165.08349609, 1877.26489258, -5014.93164063, 1288.30322266
123, 154, 1532.93212891, -5396.45507813, 1546.97998047, -5526.93164063, 1418.57287598
123, 129, -2119.83520508, -773.266906738, -2014.51904297, -980.942077637, 1054.80151367
123, 153, -604.380432129, -3294.82299805, -759.623840332, -2957.0534668, 1255.11779785
123, 158, 2164.89892578, -5049.25488281, 1767.93737793, -5032.86181641, 1274.02124023
124, 154, 1522.14807129, -5396.14892578, 1448.34912109, -5351.74414063, 1394.16052246
124, 129, -2139.77416992, -774.618164063, -2033.41540527, -982.791748047, 1036.25195313
124, 153, -639.382751465, -3052.93847656, -759.146118164, -2957.84399414, 1229.54858398
124, 158, 2049.4387207, -4857.96972656, 1796.55859375, -5014.55712891, 1256.73852539
125, 153, -666.698669434, -2923.75561523, -762.165893555, -2926.32519531, 1205.31665039
125, 154, 1487.30993652, -5366.89990234, 1233.39880371, -5148.47753906, 1385.51599121
125, 129, -2073.17333984, -1082.30187988, -2022.54541016, -1034.03356934, 1093.48571777
125, 158, 1801.80957031, -4998.37695313, 1778.84289551, -4998.35742188, 1285.82714844
126, 154, 1491.73242188, -5275.56982422, 1136.04345703, -5015.74169922, 1401.33703613
126, 153, -765.811157227, -2552.69799805, -780.699645996, -2891.98388672, 1198.85205078
126, 129, -1998.26196289, -1416.59729004, -1942.22351074, -1323.89404297, 1080.81054688
126, 158, 1760.92749023, -4981.24511719, 1767.69238281, -4997.73828125, 1372.47839355
127, 153, -778.663513184, -2587.60375977, -820.520751953, -2516.98974609, 1191.5234375
127, 129, -1990.37060547, -1371.49084473, -1912.85217285, -1370.7520752, 1097.95300293
127, 154, 1409.68493652, -5032.50341797, 1096.86047363, -5098.94873047, 1346.99182129
128, 153, -789.268859863, -2481.04858398, -984.956298828, -2258.42944336, 1185.57568359
128, 129, -1960.43908691, -1508.37792969, -1781.5567627, -1642.08276367, 1066.51879883
128, 154, 1113.49108887, -5015.36669922, 1088.45275879, -5082.48388672, 1366.85290527
128, 158, 1480.16516113, -4708.13623047, 1380.38916016, -4612.45654297, 1251.72631836
129, 129, -1949.83569336, -1555.04748535, -1755.76965332, -1773.86535645, 1141.95092773
129, 153, -838.528381348, -2333.65942383, -992.45916748, -2332.39404297, 1147.59912109
129, 154, 902.997802734, -4727.52197266, 1109.40686035, -5032.97363281, 1376.04443359
129, 158, 1484.57177734, -4689.63525391, 1159.34228516, -4532.35693359, 1245.31103516
129, 160, 1813.17053223, -1323.62097168, 1793.65283203, -1323.81799316, 1226.31665039
130, 153, -979.942382813, -2141.51000977, -1011.5201416, -2180.38183594, 1205.49731445
130, 129, -1848.29858398, -1771.82116699, -1755.65539551, -1775.83947754, 1153.85266113
130, 158, 1475.86474609, -4573.97412109, 1090.6385498, -4492.43066406, 1232.77832031
130, 154, 866.314025879, -4728.64208984, 1050.32214355, -4980.68603516, 1382.34912109
130, 160, 1793.97167969, -1323.57519531, 1746.08532715, -1371.59521484, 1166.97412109
131, 129, -1769.35668945, -2062.60351563, -1747.02685547, -1816.765625, 1103.66369629
131, 153, -1007.734375, -2063.26855469, -1020.08197021, -2104.00073242, 1221.60656738
131, 154, 917.814208984, -4632.00488281, 798.593444824, -4689.31982422, 1286.8236084
132, 129, -1662.46142578, -2332.95654297, -1699.6706543, -2060.78686523, 1144.93908691
132, 153, -1037.42285156, -1817.44055176, -1158.12390137, -1857.50732422, 1139.63183594
132, 154, 880.940551758, -4708.07763672, 503.573913574, -4553.55810547, 1290.0423584
133, 153, -1055.20275879, -1817.16833496, -1310.95056152, -1686.21325684, 1117.40771484
133, 129, -1654.15368652, -2369.99414063, -1517.84277344, -2370.83642578, 1182.95959473
133, 154, 814.278808594, -4573.27246094, 385.352081299, -4430.77197266, 1288.02075195
134, 153, -1180.37316895, -1687.57714844, -1329.36303711, -1685.20654297, 1106.953125
134, 154, 618.907470703, -4408.81396484, 381.739471436, -4492.44140625, 1279.77258301
134, 129, -1653.35668945, -2371.7331543, -1437.92700195, -2622.68383789, 1159.05029297
134, 158, 865.889770508, -4192.22802734, 875.397155762, -4124.50439453, 1274.14794922
135, 158, 850.786865234, -4100.88476563, 718.738769531, -4077.61230469, 1181.87927246
135, 129, -1647.04907227, -2408.66699219, -1419.19189453, -2725.89990234, 1190.46789551
135, 153, -1243.09558105, -1508.72998047, -1349.36071777, -1554.34924316, 1151.11755371
135, 154, 439.686096191, -4388.1328125, 321.613983154, -4430.41015625, 1299.00085449
136, 129, -1437.34814453, -2893.39379883, -1413.01428223, -2760.97290039, 1224.16955566
136, 158, 837.169555664, -4100.85009766, 430.645263672, -3934.62402344, 1192.52600098
136, 153, -1362.26623535, -1463.81787109, -1374.17675781, -1510.24499512, 1183.81945801
136, 154, 205.414291382, -4077.69335938, 361.16885376, -4409.34033203, 1305.63757324
137, 153, -1384.36962891, -1322.88085938, -1460.89282227, -1323.97021484, 1122.64013672
137, 158, 732.224487305, -3958.77270508, 321.986236572, -4169.43994141, 1279.7845459
137, 129, -1326.94506836, -3235.30712891, -1398.77429199, -2925.16088867, 1259.75964355
138, 154, 219.693740845, -4054.98950195, 2.52916741371, -4031.02416992, 1233.68139648
138, 129, -1261.37255859, -3351.55639648, -1251.23059082, -3052.06274414, 1255.51782227
138, 158, 404.295166016, -3910.72460938, 292.137451172, -3934.98388672, 1216.453125
138, 153, -1447.68103027, -1031.21594238, -1510.40783691, -1369.5723877, 1093.98449707
139, 129, -1256.17785645, -3294.58251953, -1038.03356934, -3436.86401367, 1284.63867188
139, 154, 205.600479126, -4054.97680664, -221.003997803, -3862.43798828, 1278.18347168
139, 153, -1467.55957031, -1032.48486328, -1538.55297852, -1082.19067383, 1190.65136719
140, 153, -1559.85253906, -826.259765625, -1685.66455078, -1032.30895996, 1098.48461914
140, 154, 125.581192017, -4006.76098633, -219.708190918, -3935.18066406, 1243.7644043
140, 129, -1256.0456543, -3381.27050781, -934.556396484, -3656.7097168, 1291.0645752
141, 154, -155.00994873, -3708.91259766, -235.217269897, -3885.83374023, 1270.25097656
141, 153, -1694.57519531, -979.758850098, -1725.76184082, -1030.0357666, 1095.11535645
141, 129, -1060.30871582, -3682.16601563, -931.489257813, -3681.87597656, 1282.7833252
141, 158, 221.77911377, -3521.48950195, 135.377624512, -3493.90576172, 1160.65551758
142, 158, 204.704483032, -3602.17944336, -13.493891716, -3466.07128906, 1164.47961426
142, 129, -893.964050293, -4055.42822266, -937.909057617, -3835.59008789, 1330.30969238
142, 153, -1707.17236328, -558.954223633, -1811.38439941, -666.323608398, 1042.01220703
142, 154, -250.460418701, -3836.67553711, -249.014083862, -3886.54711914, 1295.66833496
143, 158, 150.410995483, -3466.53320313, -148.266159058, -3381.39672852, 1154.89257813
143, 129, -816.38067627, -4238.00390625, -845.930908203, -3785.16113281, 1297.15966797
143, 154, -356.354827881, -3682.55273438, -334.268585205, -3836.23388672, 1274.31481934
143, 153, -1780.28955078, -611.66595459, -1894.78845215, -558.044799805, 1048.77636719
144, 153, -1800.96386719, -610.303466797, -1894.2512207, -558.516113281, 1035.66479492
144, 158, 17.3054714203, -3235.96508789, -147.90007019, -3379.86816406, 1183.03796387
144, 129, -816.396362305, -4237.671875, -669.943115234, -4123.95556641, 1282.96264648
144, 154, -382.640380859, -3465.49829102, -464.102416992, -3574.93774414, 1184.30151367
145, 153, -1832.71362305, -554.000915527, -1874.26586914, -558.003356934, 1042.53857422
145, 154, -433.201446533, -3602.39428711, -592.024902344, -3439.2668457, 1215.66992188
145, 129, -797.605651855, -4281.55712891, -499.047119141, -4552.55419922, 1321.03173828
145, 158, -136.132583618, -3204.50463867, -196.235183716, -3235.86499023, 1201.63098145
146, 153, -1895.07629395, -331.329956055, -1905.34643555, -500.412719727, 1028.18212891
146, 129, -720.134338379, -4492.70703125, -448.805633545, -4728.40185547, 1324.53869629
146, 158, -242.878219604, -3206.55224609, -180.639770508, -3265.25292969, 1180.76513672
147, 158, -298.01739502, -2990.3581543, -293.24319458, -3113.99951172, 1112.63769531
147, 129, -523.961975098, -4838.99072266, -424.119110107, -4728.71582031, 1291.56384277
147, 153, -1949.16467285, -154.391311646, -2046.20581055, -212.488067627, 1000.35070801
148, 153, -2057.63085938, -151.270690918, -2222.08496094, -91.4487686157, 976.027709961
148, 161, -829.656982422, -3437.53881836, -847.941589355, -3408.6940918, 1225.88476563
148, 129, -285.332885742, -5275.44775391, -399.338745117, -4910.79541016, 1319.21118164
148, 158, -395.671112061, -2924.99243164, -522.788146973, -2924.625, 1047.92895508
149, 153, -2091.53588867, -93.2821502686, -2156.92504883, -93.4979248047, 962.209716797
149, 129, -258.475463867, -5381.5, -273.22164917, -4839.34960938, 1246.44787598
149, 158, -396.260223389, -2924.10986328, -765.563842773, -2892.70141602, 1179
149, 161, -1014.58184814, -3175.36889648, -854.454833984, -3351.47558594, 1186.02282715
150, 129, -257.0887146, -5396.82470703, -85.1791915894, -5366.87451172, 1303.61853027
150, 153, -2125.90014648, -32.5997581482, -2213.4387207, -29.9394378662, 1011.5838623
150, 161, -1122.8248291, -3175.50048828, -843.464904785, -3323.19165039, 1175.71728516
150, 158, -522.223754883, -2693.11474609, -522.442199707, -2694.38867188, 948.659240723
151, 129, -208.780715942, -5527.16845703, 117.172103882, -5527.31445313, 1095.3260498
151, 158, -802.590454102, -2692.04736328, -815.17199707, -2726.20605469, 1029.5123291
151, 161, -1140.99951172, -3052.51245117, -1166.26000977, -2989.8605957, 1152.59375
151, 153, -2256.69506836, -33.0271224976, -2256.3671875, -32.2366485596, 1048.37121582
152, 153, -2319.98852539, 154.876098633, -2310.90673828, 217.932556152, 1035.02807617
152, 161, -1123.46130371, -3174.20239258, -1399.82653809, -3175.51123047, 1159.04052734
152, 158, -1048.0748291, -2691.97192383, -839.871704102, -2793.32763672, 1115.83203125
153, 153, -2356.37988281, 217.808181763, -2534.72900391, 218.349395752, 1059.23376465
153, 161, -1198.70751953, -3082.94580078, -1612.92712402, -3114.88110352, 1057.82043457
153, 158, -986.323303223, -2659.50805664, -986.626220703, -2659.07226563, 1080.70581055
154, 161, -1382.80407715, -2925.68164063, -1599.66137695, -3175.66821289, 1156.5526123
154, 153, -2355.53051758, 218.555984497, -2663.36425781, 282.941162109, 1022.17120361
154, 158, -1228.42138672, -2588.81225586, -1233.15466309, -2553.11132813, 1080.3963623
155, 153, -2542.61181641, 350.053253174, -2702.52050781, 351.10244751, 993.441589355
155, 158, -1234.05358887, -2659.40283203, -1474.45849609, -2692.60205078, 1157.21386719
155, 161, -1607.07202148, -3144.13867188, -1600.33227539, -3173.77319336, 1162.77331543
156, 158, -1316.34387207, -2656.82958984, -1706.4029541, -2760.04956055, 1133.19995117
157, 158, -1729.32543945, -2727.59716797, -1544.72949219, -2408.1887207, 1081.63513184
158, 158, -1736.8326416, -2692.44555664, -1721.02270508, -2692.80957031, 1046.02514648
167, 167, -3041.1262207, 1514.93896484, -3041.57275391, 1514.96691895, 648.878967285
168, 167, -3043.38110352, 1516.54162598, -3043.04150391, 1516.94482422, 726.266906738
170, 167, -3144.9206543, 1932.82385254, -3143.88671875, 1929.83105469, 814.269592285
171, 169, -3047.54614258, 1847.65759277, -3103.51904297, 1762.27294922, 842.537841797
172, 169, -3031.01318359, 2103.51489258, -3120.40600586, 1932.8795166, 852.065490723
173, 169, -3000.11474609, 2191.61157227, -3105.02636719, 2191.61157227, 807.80078125
174, 169, -2999.24951172, 2192.25073242, -3078.63745117, 2192.41137695, 811.403991699
175, 169, -3001.67797852, 2198.89819336, -3080.2355957, 2199.8190918, 848.862121582
176, 169, -3020.91967773, 2290.02270508, -3048.87304688, 2287.7355957, 824.381774902
177, 169, -3063.85400391, 2470.41503906, -3069.84326172, 2382.11621094, 777.078979492
178, 169, -3016.87988281, 2378.70385742, -3021.10595703, 2292.06469727, 828.215698242
179, 169, -3058.52148438, 2565.8581543, -3037.97314453, 2472.67236328, 854.862609863
180, 169, -3054.32202148, 2662.74511719, -3108.69311523, 2660.84472656, 861.283508301
183, 170, -2976.84350586, 3058.15161133, -3003.08618164, 3057.60351563, 698.420043945
184, 170, -2975.54785156, 3056.11352539, -2976.29394531, 3056.61401367, 698.420043945
185, 170, -2998.48291016, 3165.34326172, -3000.98120117, 3166.94995117, 703.492675781
186, 170, -2997.52270508, 3168.22680664, -2997.56079102, 3168.4765625, 669.809692383
187, 174, -3042.39770508, 3375.63525391, -3042.203125, 3373.81347656, 645.930114746
189, 174, -3087.98217773, 3701.91503906, -3087.84130859, 3702.17993164, 651.663574219
191, 176, -3137.47216797, 3930.00537109, -3136.73510742, 3930.69140625, 549.969970703
192, 179, 1744.92883301, -1276.2479248, 1783.33447266, -1276.75463867, 1242.39331055
196, 185, 1868.86499023, -30.2532329559, 1912.17224121, -32.4817848206, 856.859985352
197, 185, 1735.7878418, -1324.16809082, 1766.07373047, -1368.52722168, 1202.71679688
198, 185, 1765.55566406, -1368.79345703, 1784.58557129, -1369.40112305, 1244.91040039
199, 189, 1774.1295166, -1324.8536377, 1793.75292969, -1324.66320801, 1240.86315918
200, 189, 1755.38427734, -1324.51196289, 1793.75061035, -1324.25842285, 1222.04663086
201, 189, 1744.83154297, -1276.05773926, 1783.6907959, -1275.62670898, 1282.22753906
205, 193, 1774.48681641, -1322.0057373, 1793.84387207, -1322.30944824, 1261.24060059
208, 195, -3352.83886719, 2857.44921875, -3350.14819336, 2854.59741211, 676.42175293
209, 195, -3377.39770508, 2957.25683594, -3374.75732422, 2954.97070313, 604.633605957
210, 195, -3303.96533203, 2565.97875977, -3250.81567383, 2566.39257813, 368.309082031
213, 204, -3326.94189453, 2759.78271484, -3347.77099609, 2853.90527344, 644.46484375
214, 206, -3231.19262695, 2380.58520508, -3151.37475586, 2379.5793457, 719.699768066
215, 206, -3181.09472656, 2287.08276367, -3074.47753906, 2286.38574219, 745.184204102
216, 206, -3184.49536133, 2197.42675781, -3079.61987305, 2198.41821289, 760.229431152
217, 206, -3136.52294922, 2107.21777344, -3032.15673828, 2107.99365234, 805.636169434
218, 206, -3114.16430664, 2016.61376953, -3010.30786133, 2019.29138184, 846.079833984
219, 206, -3068.31079102, 1932.93212891, -2984.79248047, 2018.20495605, 819.547058105
220, 206, -2980.44189453, 1680.53015137, -2880.52270508, 1681.87805176, 841.074707031
221, 206, -2929.76489258, 1678.87145996, -2923.59521484, 1760.36193848, 839.094848633
222, 206, -3011.23071289, 1597.91503906, -2885.61425781, 1598.75610352, 863.61315918
223, 206, -3010.01245117, 1593.48986816, -2934.76611328, 1595.04272461, 833.72845459
224, 206, -2991.19848633, 1516.73486328, -2915.86108398, 1517.49951172, 852.942443848
225, 206, -2970.24975586, 1433.9987793, -2871.75610352, 1435.94030762, 931.571350098
226, 206, -2815.9440918, 1202.33532715, -2845.48486328, 1432.5838623, 871.037719727
227, 206, -2815.25195313, 1200.95861816, -2803.79541016, 1356.52807617, 918.50958252
228, 206, -2732.00317383, 1050.35290527, -2748.74902344, 1125.88916016, 846.466369629
229, 206, -2713.81665039, 974.855224609, -2712.5546875, 976.398376465, 859.541381836
230, 206, -2712.61791992, 974.411865234, -2688.3605957, 975.442749023, 883.738830566
230, 212, 1746.78112793, -1368.19091797, 1804.09301758, -1368.53051758, 1262.68225098
231, 206, -2671.24975586, 900.147949219, -2552.33935547, 901.189941406, 915.73840332
232, 206, -2622.88305664, 898.960571289, -2529.08837891, 901.146484375, 913.755187988
233, 206, -2436.89086914, 484.240478516, -2458.57641602, 687.076477051, 961.711425781
234, 206, -2413.70263672, 481.342559814, -2413.28466797, 483.197357178, 961.231628418
234, 213, 3344.9140625, 346.181976318, 3436.26391602, 347.045440674, 1351.77990723
235, 206, -2399.04125977, 417.711669922, -2353.67602539, 418.912963867, 961.231628418
235, 213, 3375.38110352, 155.109527588, 3420.46484375, 154.989517212, 1419.0078125
236, 213, 3261.47021484, 217.794845581, 3393.18798828, 281.64050293, 1372.25549316
236, 206, -2361.78808594, 350.582000732, -2225.27416992, 349.529083252, 1003.12371826
237, 213, 3358.18457031, 29.6587982178, 3434.79321289, 346.596618652, 1344.11010742
237, 206, -2337.66674805, 346.817230225, -2202.8269043, 346.225158691, 1023.37359619
238, 206, -2213.24243164, -32.3793525696, -2185.7409668, 155.037078857, 1047.23449707
238, 213, 3428.78320313, -92.4867095947, 3343.04907227, -90.2995223999, 1339.51940918
239, 206, -2156.23022461, -95.1407165527, -2125.90722656, -32.5658493042, 1044.66516113
239, 213, 3339.76928711, -33.0970497131, 3511.80444336, 28.7103710175, 1326.43151855
240, 206, -2134.79931641, -93.6438598633, -2093.09521484, -89.7461166382, 1044.66516113
240, 213, 3319.91821289, -94.7002334595, 3492.77954102, -94.920135498, 1334.45349121
241, 206, -2089.53735352, -212.171340942, -2079.44140625, -155.949539185, 1020.03985596
241, 213, 3668.296875, -94.3721008301, 3712.40917969, -92.4755401611, 1288.30554199
242, 206, -2042.3302002, -444.730987549, -2000.42553711, -445.364318848, 1049.50488281
242, 213, 3756.35742188, -90.9248275757, 3842.94946289, -31.6368255615, 1278.78344727
243, 206, -2000.19335938, -554.00793457, -1998.5513916, -553.776855469, 1046.55871582
243, 213, 3712.13061523, -93.9273452759, 3820.93554688, -93.6292037964, 1295.65686035
244, 206, -1987.43994141, -611.045043945, -1987.17419434, -609.58392334, 1068.74194336
245, 206, -1977.13085938, -666.394836426, -1863.87561035, -610.102111816, 1114.01538086
245, 215, 3271.26025391, 481.664978027, 3640.74316406, 415.758178711, 1429.85961914
245, 213, 3886.59643555, -92.577507019, 3843.25610352, -31.8056907654, 1274.65148926
246, 206, -1913.80834961, -878.720703125, -1763.41015625, -929.734008789, 1102.59765625
246, 215, 3368.56298828, 349.707305908, 3575.41821289, 219.229827881, 1512.63781738
246, 216, 3882.4855957, -444.858825684, 3947.14941406, -387.284881592, 1101.77880859
247, 206, -1844.1685791, -929.258483887, -1764.48278809, -928.160644531, 1102.09179688
247, 215, 3422.29248047, 92.1402740479, 3595.55834961, 281.323638916, 1473.34106445
247, 216, 3995.96362305, -152.664840698, 4147.23925781, -153.0652771, 1172.85668945
248, 206, -1764.49780273, -1033.55334473, -1754.4564209, -983.104125977, 1124.74743652
248, 217, 4177.92626953, -444.387878418, 4246.15576172, -329.625610352, 1268.97888184
248, 215, 3492.65844727, -94.6227340698, 3711.7265625, 29.2592487335, 1457.734375
249, 206, -1709.57055664, -1228.22424316, -1724.79748535, -1033.85998535, 1133.84069824
249, 215, 3493.67871094, -92.7849349976, 3712.72314453, -91.9181747437, 1464.76000977
249, 217, 4185.03564453, -773.853149414, 4272.47119141, -665.937988281, 1101.93713379
250, 206, -1700.15063477, -1276.2611084, -1617.76293945, -1082.25720215, 1112.22399902
250, 215, 3514.46777344, -33.424785614, 3690.03149414, -31.063085556, 1471.10571289
250, 217, 4175.33886719, -1030.60437012, 4339.64404297, -930.448242188, 1143.79284668
251, 206, -1682.10058594, -1372.8927002, -1541.92224121, -1415.51049805, 1128.70239258
251, 215, 3480.19140625, -388.501220703, 3650.66894531, -387.08895874, 1421.12744141
252, 206, -1627.95715332, -1463.87915039, -1534.13244629, -1463.83789063, 1151.79931641
252, 215, 3693.02514648, -387.046722412, 3884.60180664, -272.12197876, 1251.11450195
253, 206, -1598.89489746, -1732.00939941, -1503.75219727, -1643.38830566, 1148.19348145
253, 215, 3863.2109375, -273.022613525, 4057.27758789, -215.121932983, 1387.14599609
254, 206, -1499.95935059, -1982.52368164, -1471.04785156, -1730.42651367, 1177.13964844
255, 206, -1481.8614502, -1982.4185791, -1462.81750488, -1774.0592041, 1177.64343262
256, 206, -1433.66430664, -2063.35717773, -1278.80285645, -2141.67993164, 1192.36376953
257, 206, -1433.76928711, -2061.41577148, -1244.78881836, -2369.78881836, 1166.15551758
258, 206, -1256.25439453, -2407.10742188, -1244.65112305, -2369.55444336, 1195.64160156
259, 206, -1168.3996582, -2656.66674805, -1216.5982666, -2444.9050293, 1233.55297852
260, 206, -1146.53344727, -2692.74731445, -1170.2166748, -2409.45288086, 1249.34985352
261, 206, -1162.26513672, -2693.51367188, -905.901428223, -2924.77246094, 1212.53234863
262, 206, -1129.56799316, -2694.36206055, -890.952880859, -3052.52905273, 1261.74755859
263, 206, -980.211242676, -3204.7902832, -880.021484375, -3144.14990234, 1280.83874512
264, 206, -863.024719238, -3409.45800781, -875.934631348, -3174.45166016, 1303.3527832
265, 206, -835.006530762, -3520.62548828, -856.191040039, -3206.91113281, 1279.53710938
266, 206, -841.476501465, -3466.27758789, -646.210754395, -3656.64379883, 1288.84130859
267, 206, -824.840393066, -3602.73486328, -601.661987305, -3834.86132813, 1263.31604004
268, 206, -686.661499023, -3958.80810547, -585.367553711, -3860.79174805, 1278.36437988
269, 206, -580.753173828, -4214.07861328, -583.430664063, -3886.07568359, 1323.59301758
270, 206, -535.592956543, -4281.40380859, -500.300750732, -4053.63818359, 1312.22949219
271, 206, -527.741577148, -4366.66699219, -396.140533447, -4409.64111328, 1298.31726074
272, 206, -525.946899414, -4388.25976563, -304.05480957, -4708.00537109, 1345.32128906
273, 206, -412.206726074, -4728.68847656, -302.588867188, -4728.6796875, 1317.55407715
274, 206, -274.606170654, -5049.17041016, -211.139450073, -4892.87353516, 1373.8717041
275, 206, -189.918533325, -5165.29541016, -218.547744751, -5015.41308594, 1367.56994629
276, 206, -177.00289917, -5228.65429688, 1.23829078674, -5244.67382813, 1305.32165527
277, 206, -186.615905762, -5243.95166016, 148.604949951, -5526.96386719, 1300.73498535
278, 206, -9.48143100739, -5527.01757813, 158.909011841, -5527.21826172, 1219.87426758
317, 223, 1746.71276855, -1368.7611084, 1793.67199707, -1324.44238281, 1228.69445801
385, 229, -3067.20166016, 3481.31933594, -3067.20141602, 3482.61035156, 618.375488281
387, 230, -3091.22021484, 3594.64306641, -3113.25488281, 3702, 617.956848145
391, 230, -2974.57055664, 3064.72509766, -2949.63623047, 3064.98754883, 521.304077148
393, 230, -2948.91064453, 3057.76074219, -2947.28466797, 3057.5625, 544.85760498
394, 230, -2949.19702148, 3058.09350586, -2946.60009766, 3055.61645508, 517.614746094
395, 230, -2950.31640625, 3062.87524414, -2948.26757813, 3062.32104492, 493.154754639
396, 230, -2927.75390625, 2961.09106445, -2925.57861328, 2959.55541992, 540.161499023
397, 230, -2950.04052734, 3061.48681641, -2947.27148438, 3057.95092773, 516.825927734
398, 230, -2905.22680664, 2856.41186523, -2901.7890625, 2854.49658203, 634.727111816
399, 230, -2905.58227539, 2857.55834961, -2902.8581543, 2857.83227539, 586.310913086
400, 230, -2884.71459961, 2759.87792969, -2882.56152344, 2760.77856445, 608.498718262
401, 230, -2782.36547852, 2291.41455078, -2780.34448242, 2291.69555664, 651.973510742
403, 235, -2760.91943359, 2194.80053711, -2734.22241211, 2195.65014648, 723.583496094
404, 235, -2759.71728516, 2192.73046875, -2733.46044922, 2193.4453125, 718.81817627
405, 235, -2741.47973633, 2107.44067383, -2733.03857422, 2191.3425293, 738.741516113
406, 236, -2760.1940918, 2192.03735352, -2757.11962891, 2191.45849609, 586.689086914
407, 236, -2741.39233398, 2103.91723633, -2738.35791016, 2102.58520508, 603.914916992
408, 237, -2648.92724609, 1679.66918945, -2623.61230469, 1680.49865723, 679.062744141
409, 236, -2630.75170898, 1600.83325195, -2605.43041992, 1600.4798584, 624.876464844
410, 237, -2630.94555664, 1596.0592041, -2605.47851563, 1596.17138672, 669.829284668
411, 237, -2571.31005859, 1433.23632813, -2521.05493164, 1436.07495117, 748.018615723
412, 237, -2570.77197266, 1431.2911377, -2496.09912109, 1434.83374023, 747.669067383
413, 237, -2480.53588867, 1125.27319336, -2415.06567383, 1277.21118164, 789.379821777
414, 237, -2449.03149414, 979.851745605, -2382.73266602, 1123.57763672, 783.66015625
415, 237, -2425.02612305, 977.359313965, -2367.22045898, 1048.93591309, 783.66015625
416, 237, -2337.65185547, 899.650085449, -2313.1574707, 900.137939453, 818.865600586
417, 237, -2362.00219727, 901.87310791, -2314.35595703, 904.036560059, 814.898925781
418, 237, -2309.1262207, 757.753479004, -2298.83862305, 828.791137695, 826.575378418
419, 237, -2266.1081543, 551.338256836, -2262.47338867, 758.484802246, 772.948547363
420, 237, -2231.05126953, 484.228027344, -2248.15649414, 687.748779297, 798.682006836
421, 237, -2203.03588867, 351.298248291, -2192.01538086, 412.718719482, 788.708557129
422, 237, -2201.66162109, 348.019042969, -2178.5090332, 348.548400879, 805.971923828
423, 237, -2127.3659668, 92.5416793823, -2118.85449219, 154.502197266, 871.551635742
424, 237, -2090.65283203, -90.3533172607, -2037.66906738, -30.2942237854, 866.825317383
425, 237, -2048.46679688, -91.0470809937, -1951.08178711, -30.5684261322, 887.864807129
426, 237, -1992.68908691, -153.302078247, -1927.84558105, -151.634628296, 810.200378418
427, 237, -1960.11279297, -212.436172485, -1926.17785645, -155.483779907, 885.118896484
428, 237, -1884.27807617, -499.319702148, -1863.36877441, -387.988067627, 856.489013672
429, 237, -1853.62231445, -557.485473633, -1832.66711426, -554.163635254, 867.323913574
429, 243, 1442.15441895, -5527.21142578, 1357.67700195, -5527.31103516, 1144.42944336
430, 237, -1853.25366211, -559.206726074, -1811.61743164, -556.69317627, 880.686889648
430, 243, 1273.91394043, -5396.703125, 1347.27966309, -5527.18408203, 1218.90197754
430, 242, 821.036010742, -5527.34423828, 748.356262207, -5527.34619141, 997.782165527
431, 242, 611.519042969, -5527.12988281, 695.172241211, -5527.24658203, 1109.20129395
431, 243, 1252.81604004, -5212.61669922, 1241.41564941, -5306.42089844, 1272.09753418
431, 237, -1773.69335938, -878.929870605, -1692.63659668, -878.825866699, 857.231262207
432, 243, 1248.07373047, -5180.63427734, 1127.08276367, -5115.52099609, 1285.03759766
432, 242, 631.064758301, -5275.74902344, 575.304748535, -5275.62841797, 1118.90637207
432, 237, -1763.12988281, -929.529296875, -1672.80969238, -877.410522461, 872.249816895
433, 237, -1724.7557373, -1034.04162598, -1634.43139648, -981.042663574, 910.245666504
433, 242, 601.607177734, -5336.78320313, 367.025512695, -4910.81005859, 1198.62927246
433, 243, 1225.34765625, -5082.68798828, 978.388793945, -4784.48339844, 1288.59777832
434, 237, -1661.77966309, -1276.23681641, -1606.73547363, -1034.17468262, 922.237365723
434, 242, 547.352478027, -4997.25585938, 341.710418701, -4945.82128906, 1115.94470215
434, 243, 1162.12536621, -4708.57421875, 984.390441895, -4820.60107422, 1222.69189453
435, 237, -1642.24438477, -1277.24377441, -1588.34082031, -1132.48815918, 919.393737793
435, 242, 399.821044922, -4784.30664063, 310.138183594, -4875.65380859, 1168.75134277
435, 243, 954.951904297, -4552.62597656, 973.403747559, -4746.49023438, 1229.91699219
436, 237, -1599.06933594, -1416.01074219, -1476.54296875, -1464.03955078, 926.899658203
436, 243, 827.577758789, -4281.18701172, 942.013793945, -4553.69433594, 1282.00219727
436, 242, 305.910858154, -4728.30273438, 291.65625, -4784.25927734, 1197.83300781
437, 242, 295.646789551, -4451.52783203, 232.824661255, -4409.70556641, 1172.94604492
437, 237, -1552.83605957, -1462.95019531, -1495.07312012, -1462.88574219, 927.286315918
437, 243, 827.786743164, -4281.00927734, 741.330871582, -4236.04785156, 1181.9354248
438, 237, -1470.12084961, -1729.58581543, -1458.62927246, -1685.87268066, 913.428283691
438, 243, 835.883605957, -4215.12841797, 635.647216797, -3958.73681641, 1208.25415039
439, 242, 287.696105957, -4031.22973633, 152.051177979, -4029.61352539, 1081.53222656
439, 237, -1434.50488281, -1941.21459961, -1389.34143066, -1775.35803223, 980.621337891
439, 243, 771.000244141, -3860.68188477, 614.992431641, -3886.50170898, 1126.58666992
440, 243, 663.330322266, -3810.60717773, 640.238525391, -3910.13476563, 1217.41381836
440, 242, 225.063156128, -3885.42114258, 138.303512573, -4029.81591797, 1101.79589844
440, 237, -1410.25500488, -1981.95471191, -1322.37585449, -1858.9934082, 959.661682129
441, 237, -1379.07849121, -2064.24194336, -1221.37109375, -2295.47827148, 978.955871582
441, 242, 113.858825684, -3885.75756836, 126.246559143, -3959.05688477, 1130.84106445
441, 243, 553.796325684, -3602.46972656, 573.942504883, -3708.63818359, 1174.51660156
442, 237, -1307.48913574, -2296.6940918, -1227.1817627, -2258.01269531, 975.389282227
442, 243, 490.733581543, -3466.29418945, 464.300384521, -3410.60205078, 1165.0144043
442, 242, 59.6379966736, -3628.91088867, 2.29143357277, -3520.70336914, 1121.5291748
443, 237, -1278.05554199, -2588.44335938, -1227.13305664, -2371.49365234, 993.865112305
443, 242, 31.8224124908, -3521.26489258, -151.063156128, -3205.09960938, 1075.8972168
443, 243, 477.320526123, -3437.72631836, 265.71963501, -3144.17578125, 1147.93273926
444, 237, -1261.30236816, -2693.40844727, -1221.33605957, -2409.18359375, 1024.06054688
444, 242, -13.4028196335, -3204.69140625, -151.166030884, -3205.70336914, 1028.83728027
444, 243, 475.660369873, -3234.76074219, 325.327636719, -3176.12841797, 1113.63000488
445, 237, -1277.16235352, -2693.06323242, -1162.71435547, -2692.17651367, 1019.84802246
445, 242, -121.690795898, -3145.34277344, -152.475738525, -3174.55419922, 1011.77606201
445, 243, 366.009643555, -2988.96435547, 280.977111816, -3144.5144043, 1134.55114746
446, 237, -1250.01794434, -2760.61645508, -1016.0836792, -3052.64916992, 1001.32208252
446, 243, 257.551757813, -2926.01782227, 301.026275635, -3021.23486328, 1138.40930176
446, 242, -234.469207764, -2990.17651367, -168.554428101, -3114.80810547, 1074.26208496
447, 242, -273.710998535, -2760.21582031, -276.084197998, -2727.51098633, 1030.75805664
447, 237, -1151.15588379, -2988.96118164, -1035.5012207, -3020.54785156, 999.104187012
447, 243, 248.788772583, -2692.51904297, 232.52557373, -2658.23217773, 1140.17346191
448, 237, -934.321166992, -3436.89379883, -998.924743652, -3175.39746094, 1066.8951416
448, 243, 249.071548462, -2658.87695313, 87.7714767456, -2407.55761719, 1086.85180664
448, 242, -275.756652832, -2726.48413086, -521.962463379, -2446.05126953, 1011.8260498
449, 242, -330.491516113, -2588.24316406, -498.46395874, -2552.484375, 1017.60418701
449, 243, 255.630554199, -2445.94433594, 53.7085647583, -2406.36230469, 1084.57019043
449, 237, -933.732910156, -3439.23583984, -964.282287598, -3206.03759766, 1060.24597168
450, 237, -915.778869629, -3465.79736328, -738.075195313, -3466.24609375, 984.293823242
450, 243, 124.444389343, -2219.94921875, 20.0436019897, -2369.04370117, 1076.93664551
450, 242, -505.256439209, -2444.91772461, -505.372131348, -2444.91943359, 1038.60864258
451, 242, -561.121582031, -2372.28710938, -541.548034668, -2408.63720703, 1001.4989624
451, 237, -867.880859375, -3493.77172852, -646.084289551, -3810.87060547, 1073.72570801
451, 243, 20.0202674866, -2180.85302734, 37.3148269653, -2296.6340332, 1081.65368652
452, 237, -713.854858398, -3836.32641602, -659.941040039, -3811.1574707, 1056.07800293
452, 243, -16.0333576202, -2021.43603516, -16.0623645782, -2060.8828125, 1041.10632324
452, 242, -594.771362305, -2141.42138672, -649.961975098, -2103.70239258, 932.678344727
453, 237, -540.96484375, -4214.82910156, -557.294067383, -4031.42797852, 1094.0682373
453, 242, -599.835571289, -2063.13769531, -731.327758789, -1981.60461426, 1009.85369873
453, 243, -51.1365852356, -1981.07971191, -179.917388916, -1815.00488281, 1084.61206055
