0, 2, -2202.58764648, 1200.28967285, -2192.46679688, 1276.24902344, 913.094543457
0, 3, -2521.26196289, 979.29510498, -2497.73535156, 979.766052246, 837.242675781
0, 4, -292.660705566, -2257.88525391, -116.616378784, -2371.15039063, 1120.44921875
1, 0, -1560.61633301, 976.114257813, -1558.59387207, 977.612060547, 919.027038574
1, 4, -295.100860596, -2181.00537109, -14.911359787, -2552.18725586, 1126.80285645
1, 3, -2497.09423828, 977.042053223, -2401.22241211, 978.834411621, 816.571044922
2, 4, -149.789886475, -2480.51464844, -14.9098558426, -2622.20458984, 1141.77111816
2, 0, -1560.07373047, 975.270629883, -1536.15026855, 976.62310791, 948.922729492
3, 4, 18.3027706146, -2956.47045898, -14.2253894806, -2658.62451172, 1194.7565918
3, 3, -2735.27758789, 483.789611816, -2136.04858398, 974.482971191, 970.418029785
3, 0, -1558.12756348, 974.477111816, -1511.16113281, 975.303649902, 948.922729492
4, 0, -1548.44506836, 902.713500977, -1524.19934082, 901.994384766, 913.309997559
4, 3, -2505.23193359, 900.626647949, -2480.34594727, 899.322814941, 966.758666992
4, 4, 18.1328144073, -3052.51391602, 3.17910146713, -2760.48852539, 1181.02038574
5, 4, 49.23204422, -3083.9909668, 231.724700928, -3204.45141602, 1190.70910645
5, 12, -2627.94677734, 418.570404053, -1942.7109375, 972.340332031, 922.287414551
5, 0, -1538.4621582, 830.063293457, -1501.12182617, 898.378234863, 944.915161133
6, 14, -2581.97509766, 416.379302979, -2559.27001953, 414.0809021, 919.102905273
6, 4, 34.0075149536, -3052.71264648, 254.951629639, -3437.93310547, 1208.78051758
6, 12, -1511.74121094, 617.811096191, -1496.1932373, 687.798828125, 953.544494629
6, 0, -1991.95056152, 974.439697266, -1942.40112305, 973.641174316, 913.643981934
7, 14, -2558.53076172, 413.790802002, -2242.67602539, 551.684448242, 960.75567627
7, 3, -1493.75109863, 481.456726074, -1478.78100586, 549.717712402, 932.583862305
7, 4, 124.279502869, -3205.37231445, 254.82460022, -3437.31054688, 1194.84313965
7, 0, -1931.06835938, 900.801635742, -1930.42199707, 900.640991211, 933.389343262
8, 4, 269.641937256, -3811.14599609, 255.365539551, -3438.13330078, 1222.31616211
8, 3, -1507.90063477, 419.033599854, -1492.98364258, 483.308502197, 929.982971191
8, 12, -2505.95068359, 284.035980225, -2228.58129883, 480.821990967, 932.375427246
9, 4, 314.621917725, -4029.66357422, 325.006164551, -3521.13256836, 1258.7121582
9, 0, -2216.54321289, 418.515075684, -1483.66760254, 417.142578125, 1037.37634277
10, 12, -1498.18713379, 350.223907471, -1474.8963623, 349.95614624, 961.589538574
10, 4, 315.857940674, -4006.88085938, 423.232788086, -4053.82617188, 1215.5135498
10, 14, -2193.20776367, 413.000366211, -2191.80224609, 412.384216309, 876.665893555
10, 30, -2557.50708008, 30.8783493042, -1827.22070313, 417.386779785, 674.098205566
11, 12, -2484.52832031, -91.5032577515, -1826.94360352, 417.733978271, 1052.89367676
11, 4, 315.713745117, -4007.18701172, 504.721984863, -4387.99951172, 1283.15515137
11, 0, -2202.06225586, 347.913635254, -2156.29077148, 346.351776123, 868.532470703
12, 4, 328.6612854, -4053.3894043, 514.792236328, -4409.52587891, 1253.37121582
13, 0, -2527.32885742, -95.4059829712, -2461.03442383, -95.537902832, 917.989135742
13, 4, 497.63168335, -4765.67675781, 514.048156738, -4430.98486328, 1312.08435059
13, 12, -2115.58764648, 28.5910243988, -1400.92700195, -32.88514328, 976.138671875
14, 0, -2448.09179688, -155.615585327, -2413.82861328, -213.106384277, 969.011413574
14, 4, 551.956115723, -4946.06201172, 647.372192383, -4613.07373047, 1323.96362305
14, 14, -2103.39208984, -32.0126953125, -1371.7833252, -91.3970718384, 864.335632324
15, 4, 550.438354492, -4963.26171875, 642.430969238, -4875.74560547, 1242.70996094
15, 0, -2435.82958984, -387.199127197, -2371.61206055, -387.947845459, 994.223083496
15, 12, -1785.17980957, 28.9054737091, -1233.14819336, -151.026901245, 977.562561035
16, 12, -1355.82470703, -212.323547363, -1225.9185791, -212.242324829, 1002.91253662
16, 27, -2078.94091797, -152.898895264, -1906.44519043, -151.081466675, 962.719787598
16, 4, 550.99395752, -4963.58007813, 738.700500488, -5291.30371094, 1297.37854004
16, 0, -2401.15966797, -445.178405762, -2338.04296875, -444.305664063, 992.623046875
17, 14, -1376.98950195, -212.811553955, -1218.37182617, -271.431060791, 1052.14428711
17, 35, -2067.4050293, -212.804718018, -1927.53918457, -154.380950928, 947.325439453
17, 27, -1742.20214844, -95.7689437866, -1589.30493164, -95.1442184448, 981.24609375
17, 4, 572.420166016, -4980.60839844, 713.639892578, -5396.55615234, 1326.89868164
17, 12, -2367.10913086, -499.561706543, -2345.85107422, -499.079040527, 985.849060059
18, 12, -2340.61669922, -610.920715332, -2319.71801758, -610.32623291, 934.73059082
18, 4, 684.693908691, -5527.19482422, 751.917358398, -5426.77246094, 1214.16357422
18, 41, -1193.5135498, -498.677001953, -1198.09301758, -443.976226807, 1012.00366211
19, 44, -2353.43896484, -558.944030762, -2311.08349609, -558.23614502, 935.680419922
19, 14, -1178.26550293, -609.397094727, -1164.34313965, -558.871337891, 1040.91833496
20, 14, -1159.33850098, -609.564331055, -1143.30932617, -557.230285645, 1118.07727051
20, 44, -2270.61791992, -826.514709473, -2217.2668457, -877.710021973, 993.467651367
21, 49, -1158.1105957, -613.433654785, -1012.69403076, -614.103515625, 1060.24694824
21, 44, -2246.28662109, -928.988830566, -2145.11523438, -929.755187988, 988.605163574
21, 14, -1800.58911133, -614.395446777, -1780.07568359, -611.76373291, 1008.53277588
22, 49, -1151.62121582, -668.050231934, -965.851135254, -877.62512207, 1055.16125488
22, 48, -1573.27319336, -612.607849121, -1520.05249023, -558.354736328, 985.62487793
22, 44, -2266.43237305, -928.365356445, -2134.39453125, -980.002258301, 988.082214355
23, 14, -1126.26977539, -878.314880371, -961.366760254, -928.752197266, 1069.09985352
23, 44, -2222.06079102, -1031.73803711, -2123.04443359, -1030.09716797, 1029.22216797
24, 44, -2198.22241211, -1131.27978516, -1723.90197754, -929.196960449, 1017.3682251
24, 14, -1010.45953369, -1030.1307373, -974.786071777, -980.676391602, 1078.00183105
25, 44, -2153.70483398, -1324.73620605, -2049.12548828, -1275.78613281, 1008.63323975
25, 14, -1454.68273926, -982.223205566, -1454.58691406, -982.663085938, 1030.67138672
25, 43, -1747.57946777, -1130.22058105, -949.819763184, -1032.11669922, 1029.58044434
26, 14, -1731.38415527, -1321.87084961, -1716.56262207, -1081.60180664, 1036.74804688
26, 44, -2142.27001953, -1371.41430664, -2027.83300781, -1371.56933594, 1023.10021973
26, 56, -945.783630371, -1083.46337891, -831.608581543, -1033.22460938, 1082.07556152
26, 43, -1420.05200195, -1082.04638672, -1426.86621094, -1033.2512207, 1072.78100586
27, 14, -1749.96435547, -1322.79284668, -1707.51477051, -1132.06188965, 1009.425354
27, 56, -935.732299805, -1180.40588379, -763.188232422, -1368.26538086, 1076.69799805
27, 43, -1404.04321289, -1180.73120117, -1387.90197754, -1032.32971191, 1031.0760498
27, 44, -2102.95141602, -1463.38623047, -2007.96923828, -1463.17504883, 1039.58862305
28, 43, -1326.07519531, -1322.22570801, -1261.28552246, -1227.88659668, 1007.94848633
28, 56, -941.196166992, -1131.3692627, -740.802124023, -1415.65026855, 1117.99279785
28, 14, -1703.14929199, -1370.79931641, -1674.71130371, -1416.41064453, 975.598937988
28, 61, -2099.65625, -1554.18066406, -1978.11340332, -1599.33679199, 1051.9831543
29, 43, -1325.86645508, -1323.80700684, -1203.32055664, -1372.05297852, 996.963378906
29, 61, -2077.96142578, -1730.08520508, -1950.04101563, -1727.98693848, 1078.70947266
29, 56, -798.727783203, -1416.59301758, -741.047424316, -1415.91369629, 1115.99841309
29, 14, -1713.74694824, -1416.6036377, -1647.60546875, -1463.30383301, 1043.72485352
30, 63, -1056.19616699, -2989.48950195, -1016.27124023, -2923.99145508, 1066.4128418
30, 64, -1456.86499023, -3352.69140625, -1495.1973877, -3235.92285156, 1154.73413086
30, 65, -751.955932617, -2693.73706055, -568.889465332, -2957.56420898, 1103.62097168
30, 66, 79.5940628052, -3144.03930664, 34.3760299683, -2827.27416992, 1176.77636719
30, 67, -923.253601074, 284.026245117, -783.357666016, 218.326461792, 983.741943359
31, 64, -1445.13317871, -3408.8215332, -1476.57226563, -3174.5847168, 1159.0567627
31, 66, 79.5187683105, -3114.66821289, 219.708007813, -3113.9609375, 1144.5267334
31, 65, -648.020935059, -2956.4934082, -568.657043457, -2959.05810547, 1101.64050293
31, 63, -1044.67114258, -2959.16796875, -875.662597656, -3173.89355469, 1025.73779297
31, 67, -1203.5222168, -31.9519386292, -973.735839844, 92.0050354004, 988.606872559
32, 64, -1444.95678711, -3408.35302734, -1290.23071289, -3437.39038086, 1172.13085938
32, 67, -1168.52758789, -152.494995117, -1044.59692383, -93.6124420166, 1021.10211182
32, 63, -1039.93261719, -2990.1340332, -856.8828125, -3206.64746094, 1094.28942871
32, 65, -614.383239746, -3175.94042969, -548.287353516, -3021.79150391, 1052.37878418
32, 66, 79.3657836914, -3173.56005859, 242.339508057, -3380.5534668, 1188.97839355
33, 67, -1269.62768555, -30.1288490295, -1262.5065918, 90.7858505249, 905.530090332
33, 64, -1444.59143066, -3410.58886719, -1169.54931641, -3630.46704102, 1171.41943359
33, 65, -597.125854492, -3380.13085938, -530.405090332, -3052.58569336, 1108.52526855
33, 66, 108.503341675, -3294.56347656, 254.947418213, -3437.10205078, 1178.13208008
33, 63, -863.293029785, -3408.62207031, -819.703063965, -3265.00048828, 1134.75537109
34, 64, -1314.35595703, -3548.80419922, -1170.02270508, -3629.98950195, 1160.52160645
34, 66, 233.009140015, -3655.81469727, 236.162658691, -3575.17871094, 1247.77612305
34, 63, -564.658325195, -3409.3203125, -497.618041992, -3293.7199707, 1169.11096191
34, 65, -825.26550293, -3601.81225586, -829.480773926, -3437.55444336, 1174.73449707
34, 67, -1341.9041748, -154.810928345, -1262.32775879, -92.4441070557, 899.996826172
35, 63, -576.80871582, -3439.34033203, -344.430908203, -3655.18701172, 1144.30078125
35, 66, 338.181762695, -3836.52441406, 327.953735352, -3759.43481445, 1258.32885742
35, 67, -1354.49938965, -386.840881348, -1346.05969238, -445.61932373, 1014.43359375
35, 65, -808.423522949, -3629.25146484, -726.185546875, -3438.46972656, 1104.34118652
35, 64, -1209.7565918, -3886.3190918, -1178.98535156, -3656.19970703, 1256.85668945
36, 67, -1645.99169922, -665.615905762, -1346.1730957, -611.43939209, 1040.66674805
36, 65, -686.970214844, -3681.52661133, -671.741516113, -3836.15258789, 1148.95629883
36, 64, -1125.00732422, -4054.64355469, -1164.70849609, -3657.31152344, 1229.57592773
36, 66, 337.854553223, -3862.47875977, 351.119354248, -3601.63378906, 1218.71630859
37, 65, -798.271179199, -3708.84570313, -652.505249023, -3886.2277832, 1132.14123535
37, 66, 338.189361572, -3861.34765625, 507.960998535, -4007.21044922, 1184.89050293
37, 64, -1120.86120605, -4078.00927734, -1116.23632813, -3860.16381836, 1216.88635254
37, 63, -379.742248535, -3785.8137207, -335.069946289, -3810.59887695, 1159.1920166
37, 67, -1659.66918945, -720.859313965, -1374.04150391, -556.71484375, 1032.7442627
38, 63, -198.707305908, -4146.7109375, -333.79598999, -3837.23266602, 1210.98669434
38, 64, -1071.27612305, -4214.42724609, -958.289611816, -4259.52929688, 1190.21679688
38, 66, 335.166381836, -3910.32348633, 518.718994141, -4215.29736328, 1240.44116211
38, 67, -1636.00939941, -610.463134766, -1675.05371094, -979.268432617, 1075.90283203
38, 65, -664.15814209, -4054.52001953, -645.052246094, -3958.61914063, 1185.4630127
39, 64, -1066.35571289, -4237.80664063, -931.677124023, -4430.29394531, 1201.26599121
39, 63, -156.738632202, -4236.00488281, -120.185958862, -4053.58764648, 1180.14562988
39, 65, -609.663330078, -4324.16259766, -563.376098633, -3959.26879883, 1182.34692383
39, 66, 489.068817139, -4573.51611328, 517.836364746, -4388.08056641, 1288.75061035
39, 67, -1791.54345703, -773.893432617, -2012.18249512, -1083.5904541, 1056.60412598
40, 66, 502.511138916, -4709.19824219, 533.683410645, -4345.70507813, 1263.13781738
40, 65, -592.847290039, -4366.89208984, -417.295043945, -4472.03417969, 1167.29370117
40, 64, -996.468505859, -4728.90869141, -916.675415039, -4451.04345703, 1254.84936523
40, 63, -143.09715271, -4237.88867188, 102.641616821, -4512.69482422, 1170.38000488
40, 67, -1964.54199219, -929.618041992, -2021.44873047, -1131.03820801, 1086.18200684
41, 64, -959.441040039, -4875.03173828, -916.659179688, -4451.71630859, 1292.58764648
41, 65, -603.817993164, -4388.53222656, -385.594848633, -4572.66162109, 1207.96484375
41, 63, -169.286331177, -4259.74658203, 101.8176651, -4573.16455078, 1213.76513672
41, 67, -2210.45727539, -1081.96740723, -2032.15197754, -1083.33850098, 1070.41442871
41, 66, 502.374511719, -4708.98242188, 614.482116699, -4689.40332031, 1264.20422363
42, 64, -956.288024902, -4893.83544922, -873.26751709, -4820.8125, 1219.01037598
42, 63, 86.8647918701, -4727.36621094, 100.037193298, -4651.26855469, 1191.74414063
42, 65, -440.689849854, -4670.31982422, -359.415161133, -4592.53076172, 1149.29724121
42, 67, -2102.53881836, -1031.88977051, -2063.37597656, -1033.78137207, 995.093383789
42, 66, 500.995635986, -4728.18945313, 672.929260254, -5015.81982422, 1294.9362793
43, 64, -933.282409668, -4963.21777344, -767.046020508, -5148.02441406, 1284.97290039
43, 65, -313.952362061, -4963.43554688, -357.144592285, -4632.05908203, 1223.76965332
43, 66, 642.685546875, -4980.85986328, 664.859008789, -5082.80761719, 1316.4173584
43, 63, 199.038269043, -4997.32910156, 101.343467712, -4593.45703125, 1255.82373047
43, 67, -2233.56323242, -982.046630859, -2234.08789063, -982.601135254, 948.073547363
44, 65, -300.3359375, -4998.69238281, -292.662628174, -4690.24609375, 1246.16650391
44, 66, 654.419311523, -5260.56591797, 704.235717773, -5132.68994141, 1327.63964844
44, 63, 243.030929565, -5049.33642578, 188.446731567, -4593.07080078, 1264.31396484
44, 64, -916.109924316, -4997.19970703, -726.60546875, -5275.77783203, 1318.11206055
45, 66, 852.997070313, -5527.05566406, 726.613891602, -5049.02539063, 1296.4675293
45, 64, -826.127746582, -5276.00097656, -711.680664063, -5306.45849609, 1241.70593262
45, 63, 253.070281982, -5082.70507813, 327.736480713, -4981.15478516, 1180.94970703
45, 65, -287.884674072, -5014.68798828, -156.801620483, -5132.3671875, 1194.87939453
46, 64, -766.31048584, -5527.05029297, -713.799987793, -5291.52783203, 1219.27941895
46, 66, 843.044067383, -5527.046875, 945.208251953, -5180.92285156, 1286.36437988
46, 65, -286.684356689, -5032.39257813, -86.3390045166, -5275.53027344, 1224.52355957
46, 63, 261.893310547, -5131.79345703, 462.295654297, -5306.71533203, 1218.39941406
47, 64, -755.854553223, -5527.2578125, -703.168762207, -5291.03417969, 1127.17553711
47, 63, 288.478363037, -5066.33251953, 493.526885986, -5441.24707031, 1207.73535156
47, 66, 842.570068359, -5527.18945313, 1157.6583252, -5527.28613281, 1130.89758301
47, 65, -175.069473267, -5259.40625, -53.2099227905, -5306.37304688, 1150.36730957
48, 64, -765.303955078, -5527.49658203, -692.373596191, -5527.3984375, 1068.36450195
48, 65, -8.86340999603, -5527.24121094, -19.6048755646, -5527.03710938, 1162.90869141
48, 63, 421.684173584, -5526.99707031, 465.348297119, -5397.19384766, 1151.91662598
49, 65, 1.3918941021, -5527.26757813, 158.953491211, -5526.91259766, 1083.10180664
49, 63, 568.876586914, -5527.27197266, 495.425750732, -5527.04882813, 1038.73950195
50, 63, 652.837097168, -5527.30371094, 632.347290039, -5527.16064453, 925.599121094
57, 73, -3565.40917969, -2333.29663086, -3516.20141602, -2370.32885742, 969.54107666
118, 79, 3123.31225586, -94.8761444092, 3298.69165039, -90.7327041626, 1366.80273438
119, 79, 3340.37084961, -95.1323471069, 3429.51245117, -91.2063598633, 1381.66210938
120, 79, 3430.20654297, -152.899597168, 3646.70019531, -95.0869674683, 1395.42651367
121, 79, 3451.38964844, -154.988296509, 3711.66650391, -155.456176758, 1378.96105957
122, 79, 3669.34814453, -215.253585815, 3864.0534668, -213.40802002, 1380.0045166
123, 79, 3819.22290039, -445.181030273, 3882.84326172, -445.216278076, 1440.66381836
137, 84, 4148.92236328, -666.243103027, 4029.11401367, -501.636413574, 1160.99035645
139, 84, 3940.08178711, -826.120788574, 3736.97607422, -773.655334473, 1277.05664063
140, 84, 4127.82080078, -90.7878952026, 3952.02270508, -93.7136917114, 1288.29016113
141, 84, 3972.17651367, -153.511932373, 3820.9597168, -156.032333374, 1313.37939453
142, 84, 3911.80883789, 153.755905151, 3755.30932617, 91.1567840576, 1322.37182617
143, 84, 3821.05126953, -91.6171112061, 3648.55053711, -151.8956604, 1336.1817627
144, 84, 3821.29272461, -30.9945411682, 3669.96850586, -91.4962768555, 1449.34375
144, 93, -2558.43383789, 3269.25512695, -2577.79711914, 3374.71313477, 664.255981445
145, 84, 3800.23217773, -30.9493160248, 3648.07006836, -90.9346084595, 1462.88513184
146, 84, 3755.74609375, 91.9124679565, 3691.69360352, -30.0701885223, 1450.03100586
147, 84, 3756.27099609, -30.6023464203, 3647.03808594, -90.9639511108, 1474.47973633
148, 84, 3777.75878906, -91.5018539429, 3558.5715332, -95.5651245117, 1474.28466797
148, 95, -2514.50268555, 3161.43798828, -2513.84838867, 3166.04882813, 517.548278809
149, 84, 3649.09277344, -151.560058594, 3452.32006836, -153.654129028, 1515.71276855
149, 95, -2515.17749023, 3165.36279297, -2532.54223633, 3268.07250977, 517.548278809
150, 84, 3625.43017578, -91.9111862183, 3322.44018555, -151.067657471, 1487.90600586
150, 95, -2496.55444336, 3066.38745117, -2494.45214844, 3064.83740234, 489.562591553
151, 84, 3429.4855957, -90.5615310669, 3341.69555664, -93.5468063354, 1464.69152832
151, 95, -2495.01953125, 3058.35229492, -2492.35058594, 3055.31542969, 513.836669922
152, 100, -2456.63012695, 2858.56152344, -2454.75756836, 2859.75097656, 713.403930664
153, 100, -2456.16870117, 2854.95605469, -2427.81274414, 2856.5090332, 609.088806152
154, 101, -2437.87963867, 2761.11621094, -2371.53857422, 2854.86328125, 660.420288086
155, 101, -2392.25732422, 2660.51171875, -2206.85693359, 2380.82641602, 625.724365234
156, 101, -2331.4375, 2472.56225586, -2206.70825195, 2379.66162109, 629.833435059
157, 101, -2244.84082031, 2284.953125, -2165.58666992, 2287.34130859, 697.739440918
158, 101, -2176.83105469, 2196.72192383, -2150.12158203, 2200.93408203, 718.594177246
159, 101, -2151.10986328, 2197.47070313, -2162.77587891, 2282.26855469, 718.366088867
160, 101, -2148.890625, 2195.16748047, -2147.42944336, 2197.2175293, 708.830322266
161, 101, -2148.63378906, 2194.61401367, -2125.04443359, 2197.02783203, 737.517944336
162, 101, -2074.97363281, 1761.77978516, -2051.12036133, 1760.9720459, 800.769897461
163, 101, -2024.34179688, 1600.01245117, -2023.07836914, 1599.5378418, 795.583068848
164, 101, -2037.97888184, 1677.18933105, -2022.5456543, 1600.77380371, 819.838623047
165, 101, -2020.92602539, 1593.07666016, -1972.0123291, 1592.17932129, 789.213378906
166, 101, -2009.19812012, 1518.29699707, -1959.53515625, 1518.37695313, 765.152038574
167, 101, -1957.17138672, 1355.13500977, -1920.7578125, 1431.71325684, 885.165771484
168, 101, -1858.71704102, 1199.36010742, -1833.45129395, 1354.70532227, 805.066467285
169, 101, -1847.63354492, 1126.4329834, -1809.74816895, 1356.66467285, 856.291809082
170, 101, -1764.60656738, 1052.7265625, -1796.37634277, 1277.50769043, 781.574523926
171, 101, -1776.68457031, 978.887084961, -1761.41345215, 1048.30224609, 799.232177734
172, 101, -1739.5645752, 901.840332031, -1717.55371094, 901.649536133, 876.987854004
173, 101, -1728.47485352, 831.112426758, -1706.44750977, 829.86315918, 844.804870605
173, 102, 1958.53222656, -5411.75195313, 1820.18615723, -5527.16845703, 1021.39715576
174, 101, -1717.63366699, 757.235900879, -1671.71508789, 757.231018066, 887.502563477
174, 102, 1620.63415527, -5527.26464844, 1683.88598633, -5527.30761719, 1165.92663574
175, 101, -1620.53723145, 417.662506104, -1538.88378906, 484.054718018, 855.52520752
175, 102, 1672.91906738, -5527.18115234, 1578.24719238, -5527.14599609, 1359.25952148
176, 101, -1643.24536133, 419.025177002, -1538.82507324, 484.029052734, 829.03338623
176, 102, 1630.95092773, -5527.11962891, 1402.23168945, -5321.63232422, 1431.04736328
177, 101, -1611.47717285, 350.848297119, -1507.3536377, 414.660400391, 905.15838623
177, 102, 1662.56396484, -5291.6328125, 1402.53747559, -5149.32373047, 1442.96569824
178, 101, -1532.98901367, 281.482421875, -1488.35852051, 281.726654053, 889.221252441
178, 102, 1499.62756348, -4998.22705078, 1418.14257813, -5132.62060547, 1410.06896973
179, 101, -1498.06616211, 29.1484699249, -1449.10424805, 155.876495361, 908.518615723
179, 102, 1380.42590332, -4612.72119141, 1403.09643555, -5147.97998047, 1765.20166016
180, 101, -1445.1451416, -31.25740242, -1401.39013672, -29.8334197998, 899.103759766
180, 104, 3204.6953125, -387.968292236, 3371.2890625, -331.378662109, 1509.01501465
180, 102, 1370.27429199, -4651.50976563, 1352.91040039, -4728.61132813, 1451.828125
181, 102, 1337.78674316, -4689.67431641, 1192.8828125, -4552.3125, 1398.91027832
181, 101, -1437.54711914, -91.8210830688, -1393.39147949, -90.343536377, 856.512939453
181, 104, 3152.28710938, -555.13885498, 3337.27026367, -500.775909424, 1522.91125488
182, 104, 3372.69946289, -329.451477051, 3582.64379883, -213.77104187, 1396.3392334
182, 102, 1310.92602539, -4533.16259766, 1024.02294922, -4280.79980469, 1369.31494141
182, 101, -1406.24243164, -156.530471802, -1384.86669922, -154.161468506, 940.578918457
183, 102, 1172.08654785, -4192.04248047, 1036.82702637, -4280.86523438, 1376.02905273
183, 101, -1332.96899414, -386.869903564, -1348.20288086, -272.694091797, 906.554931641
183, 104, 3435.3737793, -272.504516602, 3690.78491211, -214.41583252, 1367.8001709
184, 101, -1310.13342285, -557.051696777, -1282.74060059, -445.407348633, 939.788574219
184, 102, 979.212463379, -3959.07885742, 1027.34985352, -4259.18457031, 1374.97570801
184, 104, 3440.28564453, -445.21105957, 3673.19458008, -499.428131104, 1423.09179688
185, 101, -1221.08789063, -611.153564453, -1158.28491211, -610.340087891, 924.69140625
185, 102, 882.42590332, -3860.86230469, 955.90057373, -4030.37963867, 1342.12878418
185, 104, 3646.390625, -156.404220581, 3820.57788086, -213.18145752, 1312.47583008
185, 105, 3065.99047852, -212.86479187, 3126.19873047, -154.514862061, 1304.44958496
186, 101, -1220.82348633, -613.364257813, -1144.95275879, -720.966125488, 948.915222168
186, 102, 871.858886719, -3835.14086914, 801.995239258, -3708.26220703, 1334.41552734
186, 104, 3819.32006836, -444.574401855, 3862.81420898, -499.575897217, 1415.16540527
186, 105, 3308.52978516, 154.143661499, 3397.85107422, 154.710739136, 1282.13464355
187, 102, 871.940979004, -3834.93334961, 611.416320801, -3438.50708008, 1320.64111328
187, 101, -1146.83789063, -879.119873047, -1121.26330566, -928.73449707, 964.876281738
187, 105, 3320.15332031, -94.4719390869, 3474.52758789, -152.43977356, 1281.10656738
188, 101, -1114.83117676, -980.010437012, -1115.72631836, -978.624511719, 899.424255371
188, 102, 834.434265137, -3439.03857422, 626.340576172, -3437.86694336, 1254.39892578
188, 105, 3995.42797852, 1048.37011719, 3991.32739258, 830.366638184, 1098.39794922
189, 102, 710.837585449, -3323.66430664, 628.999633789, -3410.34643555, 1305.76525879
189, 101, -1072.82714844, -1180.57189941, -1069.28088379, -1034.09838867, 989.384887695
189, 105, 3430.73217773, -773.335327148, 3610.05712891, -557.41784668, 1430.44763184
190, 102, 534.715454102, -3052.45068359, 616.935180664, -3379.96679688, 1331.32922363
190, 101, -998.609802246, -1323.8972168, -935.733215332, -1368.71789551, 979.022399902
190, 105, 3777.54589844, -94.1500778198, 3842.2980957, -93.8316955566, 1181.84924316
191, 101, -955.945678711, -1371.35949707, -911.285766602, -1418.96838379, 1009.18145752
191, 102, 555.094238281, -2990.26586914, 511.134765625, -2926.37451172, 1280.75439453
191, 105, 3843.62304688, -152.552322388, 3996.09057617, -91.8259735107, 1221.72692871
192, 102, 523.20123291, -2990.49853516, 281.283630371, -2692.1184082, 1322.36975098
192, 101, -927.167602539, -1464.01855469, -912.643371582, -1417.01208496, 1008.59295654
192, 108, 2271.80737305, -5527.33789063, 2093.3293457, -5527.35546875, 1028.19934082
193, 102, 514.848022461, -2892.26245117, 297.811798096, -2692.09155273, 1270.87158203
193, 101, -916.447875977, -1554.97521973, -925.770935059, -1464.91552734, 967.999694824
193, 108, 2261.44018555, -5527.38183594, 1757.22229004, -5527.31201172, 1143.81115723
194, 102, 405.8074646, -2517.12280273, 300.588806152, -2623.77734375, 1209.77770996
194, 101, -849.525634766, -1858.37988281, -862.10736084, -1730.91967773, 1021.47229004
194, 108, 2146.23876953, -5527.28564453, 1725.58325195, -5527.06054688, 1247.54223633
195, 101, -820.277587891, -1981.77453613, -705.895874023, -2061.0847168, 1031.05212402
195, 102, 324.216400146, -2445.72436523, 284.540161133, -2622.92285156, 1225.37072754
195, 108, 1769.45214844, -5367.1484375, 1732.69445801, -5412.15039063, 1324.14526367
196, 101, -762.783203125, -2022.24060059, -684.588745117, -2104.61474609, 1041.3972168
196, 102, 294.436096191, -2333.96875, 262.068939209, -2257.68457031, 1214.69995117
196, 111, 1241.78564453, -5527.22705078, 1189.35327148, -5527.26318359, 1216.96557617
196, 108, 1589.63769531, -5049.10009766, 1743.25634766, -5412.08935547, 1371.63745117
197, 102, 279.02923584, -2295.35888672, 125.755561829, -2064.40429688, 1235.79553223
197, 108, 1500.32275391, -4997.45996094, 1691.28955078, -5164.84277344, 1397.20141602
197, 111, 1220.90576172, -5527.04394531, 976.409118652, -5196.78759766, 1303.51574707
197, 101, -707.813598633, -2257.57202148, -672.540039063, -2257.48754883, 1039.02404785
198, 111, 1227.1237793, -5366.81494141, 953.554382324, -5132.48486328, 1314.75708008
198, 102, 282.29598999, -2180.53881836, 109.634651184, -2022.08068848, 1211.89819336
198, 101, -629.197021484, -2371.60766602, -686.067199707, -2296.24365234, 1019.31170654
198, 108, 1569.21801758, -4997.25488281, 1497.08496094, -4874.71923828, 1329.53137207
199, 101, -557.799926758, -2658.57666016, -612.571289063, -2372.31762695, 1089.10241699
199, 102, 255.927871704, -1858.44934082, 109.46849823, -1981.19238281, 1173.17993164
199, 111, 1125.06347656, -5015.89746094, 976.150878906, -5131.47705078, 1259.5390625
199, 108, 1527.58764648, -4980.71679688, 1276.52197266, -4574.08642578, 1702.23913574
200, 101, -557.918579102, -2658.24414063, -456.808624268, -2694.09326172, 1056.16723633
200, 102, 111.120140076, -1858.67358398, 75.5164718628, -1858.92749023, 1227.01574707
200, 111, 945.587463379, -4980.34472656, 948.107299805, -5099.515625, 1306.82666016
200, 108, 1487.02478027, -4631.77246094, 1206.1809082, -4553.19580078, 1238.22521973
201, 101, -539.972167969, -2692.47412109, -396.432098389, -2924.73706055, 1054.3861084
201, 102, 95.2925491333, -1686.19421387, 21.0516452789, -1730.1607666, 1170.62719727
201, 111, 875.774291992, -4747.12597656, 927.064086914, -4875.73535156, 1314.34460449
201, 108, 1320.14074707, -4367.33105469, 1243.38647461, -4551.89892578, 1227.07226563
202, 101, -507.229064941, -2924.93164063, -408.036621094, -2989.0534668, 1111.59631348
202, 108, 1182.45202637, -4055.12988281, 1234.93859863, -4532.83349609, 1278.61486816
202, 102, 2.88888311386, -1599.11560059, -128.904403687, -1554.85400391, 1182.44128418
202, 111, 811.676025391, -4593.5703125, 688.015136719, -4471.875, 1259.3190918
203, 101, -377.453704834, -3294.38769531, -399.920257568, -3144.19262695, 1106.5802002
203, 102, 21.2447471619, -1598.4855957, -185.020172119, -1553.98815918, 1182.61694336
203, 111, 816.692687988, -4553.81347656, 543.219177246, -4237.68164063, 1259.74377441
203, 108, 1237.87036133, -4053.67871094, 1183.45483398, -4055.36938477, 1224.09887695
204, 102, 2.67209124565, -1415.46887207, -169.736434937, -1372.76794434, 1136.97680664
204, 111, 816.936157227, -4259.22607422, 532.358398438, -4214.96582031, 1259.41113281
204, 108, 1186.98278809, -4029.50708008, 1018.99542236, -3886.14355469, 1239.18933105
204, 101, -339.789642334, -3438.71850586, -381.001739502, -3205.23095703, 1152.10168457
205, 108, 1131.61743164, -3958.67138672, 811.428649902, -3630.42553711, 1240.47473145
205, 102, -174.150863647, -1179.78869629, -211.202011108, -1228.44750977, 1191.00341797
205, 101, -353.734222412, -3439.11132813, -250.079208374, -3438.41015625, 1079.1619873
205, 111, 557.012573242, -4077.8581543, 531.116516113, -4213.64697266, 1225.94226074
206, 111, 534.709899902, -4007.27001953, 522.256591797, -4169.47167969, 1231.06347656
206, 108, 1063.0123291, -3493.70898438, 796.994384766, -3629.48095703, 1168.60168457
206, 101, -320.997741699, -3521.57861328, -182.2237854, -3759.66088867, 1120.36279297
206, 102, -192.515899658, -1181.04760742, -192.056640625, -1228.06982422, 1191.17236328
207, 101, -255.750793457, -3708.25244141, -153.098556519, -3810.93261719, 1104.88671875
207, 108, 816.068359375, -3465.82958984, 798.283508301, -3628.29589844, 1180.8782959
207, 102, -346.468322754, -720.409973145, -380.807373047, -878.105041504, 1084.39575195
207, 111, 456.482940674, -3760.32348633, 436.040557861, -3628.09838867, 1213.19482422
208, 111, 461.947052002, -3682.34643555, 268.872680664, -3466.81738281, 1215.06298828
208, 102, -458.941375732, -929.716186523, -539.65234375, -929.849914551, 1102.33654785
208, 101, -132.108154297, -4124.03613281, -137.958709717, -3861.93530273, 1188.21606445
208, 108, 804.318359375, -3438.72021484, 789.032287598, -3576.05151367, 1209.24719238
209, 108, 744.487976074, -3144.95751953, 713.301269531, -3145.29223633, 1155.72302246
209, 102, -358.570007324, -930.859802246, -646.539123535, -825.326293945, 1102.29772949
209, 101, -50.4799575806, -4258.88183594, -107.231590271, -4006.43823242, 1163.69506836
209, 111, 465.578155518, -3629.87670898, 270.512756348, -3407.90112305, 1186.64685059
210, 108, 729.205871582, -3144.6652832, 357.562835693, -3144.71142578, 1182.45849609
210, 102, -536.212280273, -614.708312988, -632.937683105, -720.468017578, 1109.4909668
210, 101, -24.526424408, -4280.79199219, 80.8667831421, -4213.83349609, 1144.66955566
211, 102, -655.989868164, -667.793823242, -657.349731445, -668.400817871, 1109.53320313
211, 108, 715.48638916, -2958.15209961, 354.356414795, -2893.25219727, 1156.91687012
211, 101, -24.2935333252, -4259.76464844, 202.534805298, -4553.08300781, 1154.90075684
212, 102, -672.065551758, -445.208435059, -705.788452148, -554.364685059, 1096.75512695
212, 101, 64.7755355835, -4532.36035156, 213.307449341, -4592.87304688, 1142.39355469
213, 102, -709.933837891, -499.6378479, -819.042602539, -444.479217529, 1145.98742676
213, 111, 114.818023682, -2860.35522461, 2.74098205566, -2827.19921875, 1142.6829834
213, 101, 274.994750977, -4875.33349609, 234.767089844, -4690.22265625, 1188.11291504
213, 108, 378.001037598, -2371.20800781, 376.140319824, -2409.65209961, 1086.82067871
214, 102, -710.050415039, -498.74987793, -946.212646484, -213.582015991, 1132.66101074
214, 111, 113.906517029, -2924.99682617, -146.243148804, -2656.94433594, 1153.80761719
214, 101, 382.753234863, -5032.79052734, 263.981506348, -4572.4765625, 1194.61401367
215, 101, 433.224212646, -5115.53515625, 497.271087646, -4910.63476563, 1164.98144531
215, 111, 3.14140844345, -2516.66235352, -146.834182739, -2622.02954102, 1113.03540039
215, 102, -842.122924805, -153.428405762, -945.719421387, -212.463470459, 1087.56030273
215, 108, 258.643218994, -2369.33911133, 158.781417847, -2257.90771484, 1189.92712402
216, 102, -891.719116211, -94.5745620728, -930.211242676, -151.216827393, 1063.64428711
216, 111, -149.723632813, -2444.20043945, -149.876663208, -2445.05957031, 1140.98034668
216, 101, 404.3855896, -5049.00878906, 693.914367676, -5382.08789063, 1182.72973633
216, 108, 276.424102783, -2334.17358398, 20.3541927338, -2062.16577148, 1128.35498047
217, 102, -913.31237793, -90.8416824341, -999.947814941, -94.0614089966, 1062.76623535
217, 101, 534.266479492, -5244.02001953, 705.96472168, -5527.05419922, 1144.73022461
217, 111, -202.557144165, -2371.89257813, -236.62902832, -2372.23388672, 1120.18151855
217, 108, 256.823699951, -1858.09570313, 56.3280982971, -1941.26660156, 1097.84545898
218, 108, 130.403320313, -1772.76306152, 75.5851211548, -1815.2401123, 1124.25842285
218, 102, -903.169372559, 30.9441223145, -1012.1953125, 28.4795436859, 1055.06787109
218, 101, 747.589660645, -5527.18505859, 747.554016113, -5527.08349609, 1099.92468262
218, 111, -261.398498535, -2104.2980957, -282.005065918, -2062.26879883, 1090.87365723
219, 108, 111.766815186, -1817.11486816, 21.0239009857, -1859.04052734, 1119.48596191
219, 102, -1017.6852417, 91.0960540771, -1084.82763672, 91.5617218018, 1055.06787109
219, 111, -261.48336792, -2101.8762207, -406.443481445, -2021.77087402, 1078.33349609
220, 108, 2.98039507866, -1418.37036133, -16.3248138428, -1419.32861328, 1065.8692627
220, 111, -267.340942383, -1940.62609863, -437.996124268, -1773.74707031, 1093.35705566
220, 102, -1087.21972656, 347.258514404, -1156.08496094, 346.690612793, 1006.77233887
221, 102, -1116.75854492, 415.152435303, -1156.94714355, 351.502319336, 997.265136719
221, 108, 2.11447954178, -1420.03625488, -54.8491325378, -1419.01098633, 1131.67224121
221, 111, -330.30758667, -1685.56030273, -440.196075439, -1731.32043457, 1052.25012207
222, 102, -1140.90515137, 413.624237061, -1224.71740723, 349.007202148, 1034.87670898
222, 111, -459.991027832, -1686.44238281, -457.831787109, -1728.60986328, 1052.25012207
222, 108, 2.20682358742, -1417.61975098, -193.583709717, -1130.28405762, 1081.96228027
223, 111, -476.306243896, -1372.26611328, -495.382720947, -1371.19360352, 1056.68432617
223, 102, -1163.9407959, 418.420623779, -1254.74462891, 416.186584473, 1004.9664917
223, 108, -36.9284057617, -1033.9987793, -194.592041016, -1083.63867188, 1047.65270996
224, 102, -1247.04187012, 550.573547363, -1293.33984375, 550.715148926, 1077.32104492
224, 111, -498.093688965, -1323.52746582, -616.897277832, -1277.2701416, 1059.63745117
224, 108, -176.16003418, -1032.50109863, -215.90284729, -1033.02075195, 1149.89770508
225, 111, -216.980148315, -982.635070801, -790.772644043, -1033.6875, 1061.00183105
225, 102, -1340.77209473, 758.379455566, -1373.72375488, 827.687866211, 1061.67956543
226, 102, -1349.11901855, 829.79876709, -1420.75097656, 829.75402832, 1062.05615234
226, 111, -345.766265869, -721.306762695, -791.023986816, -1032.2220459, 1067.27111816
227, 108, -348.37689209, -666.74432373, -495.205749512, -612.143615723, 1103.8885498
227, 102, -1358.43017578, 899.108642578, -1421.08642578, 831.176086426, 1068.21179199
227, 116, -795.202819824, -983.018676758, -795.563232422, -982.389343262, 1000.52526855
228, 102, -1406.35583496, 900.604064941, -1453.54492188, 901.978515625, 1052.65124512
228, 108, -369.984405518, -613.245666504, -519.068847656, -556.124694824, 1071.16137695
228, 116, -801.307556152, -929.15435791, -815.245483398, -981.398376465, 999.027832031
229, 102, -1510.6496582, 977.858886719, -1511.29882813, 979.02532959, 983.917907715
229, 116, -852.307250977, -558.045410156, -970.948120117, -610.673950195, 960.58605957
229, 108, -508.385864258, -329.912445068, -587.825561523, -445.687164307, 965.622436523
230, 102, -1510.47741699, 973.578491211, -1533.51696777, 973.194580078, 1052.65124512
230, 116, -867.683959961, -613.696655273, -1055.03491211, -609.537841797, 1012.70458984
230, 108, -534.025024414, -273.195983887, -650.511779785, -443.813781738, 1005.43457031
231, 119, -1524.26318359, 899.666748047, -1492.10070801, 831.050415039, 1328.49353027
232, 116, -1033.24133301, -213.850860596, -1126.98413086, -330.14263916, 977.678039551
232, 108, -699.192871094, -30.7882003784, -717.611816406, -90.3477249146, 984.821044922
233, 116, -1090.63964844, -272.733917236, -1169.94042969, -330.368133545, 977.678039551
233, 108, -698.62286377, -31.0962944031, -787.26385498, -32.2076835632, 1005.8036499
234, 108, -729.03729248, 92.4245071411, -840.724487305, 92.3876190186, 1005.99761963
234, 116, -1161.18920898, -212.803359985, -1204.92687988, -214.112213135, 948.392700195
235, 116, -1224.84057617, -32.8950309753, -1313.17773438, -32.4012527466, 1037.06347656
235, 108, -748.462219238, 349.31362915, -877.945861816, 284.041992188, 1033.72265625
236, 108, -774.733947754, 412.543792725, -878.072692871, 282.988372803, 998.831787109
236, 116, -1197.51745605, -90.0549697876, -1313.46057129, -33.5166053772, 1007.19470215
237, 116, -1292.28869629, 346.996185303, -1412.26013184, 219.058029175, 1005.23480225
237, 108, -889.214782715, 418.09185791, -911.675354004, 415.162414551, 937.71887207
238, 116, -1292.74389648, 351.880249023, -1406.12878418, 349.24005127, 981.929870605
238, 108, -923.037719727, 550.786010742, -939.995666504, 484.901245117, 964.842712402
239, 116, -1300.82958984, 412.458648682, -1429.06066895, 350.000915527, 960.301452637
239, 108, -928.722290039, 619.338439941, -947.370483398, 551.278442383, 987.709960938
240, 116, -1308.91491699, 484.974304199, -1446.1583252, 483.174835205, 949.465759277
240, 108, -963.825927734, 759.645751953, -1145.36157227, 687.99798584, 946.446289063
242, 116, -1483.13684082, 759.689086914, -1529.61352539, 759.809875488, 983.868286133
242, 108, -1041.49914551, 830.956970215, -1135.66662598, 830.40637207, 987.00378418
243, 108, -1524.44091797, 898.417602539, -1539.77148438, 829.910400391, 919.703308105
243, 116, -1031.51635742, 978.982116699, -1151.0246582, 978.367858887, 982.988342285
244, 108, -1044.50341797, 1126.60534668, -1535.71154785, 973.390319824, 846.613647461
245, 108, -1534.69726563, 977.900512695, -1536.13903809, 979.423278809, 925.430969238
245, 116, -1189.59411621, 1125.3671875, -1190.23669434, 1124.34838867, 961.87286377
245, 131, -283.011260986, 1931.40612793, -277.398529053, 1678.90576172, 1023.15551758
246, 108, -1520.30480957, 1052.82019043, -1555.89343262, 1124.51013184, 948.764953613
246, 132, -654.95123291, 1592.26940918, -625.077270508, 1516.39575195, 1192.85375977
247, 136, -514.553955078, 1278.79528809, -389.683959961, 1199.7010498, 1129.3145752
248, 136, -559.840270996, 1200.00244141, -406.939483643, 1049.25964355, 1179.86865234
248, 139, -1570.48376465, 1432.50671387, -1255.53479004, 1513.27282715, 935.828430176
249, 136, -573.013305664, 972.655517578, -400.55456543, 830.729614258, 1235.8527832
249, 139, -1605.56066895, 1511.33959961, -1263.40185547, 1596.63537598, 925.749206543
250, 108, -1607.46630859, 1517.86486816, -1582.27429199, 1517.94934082, 861.871520996
250, 136, -598.566162109, 975.749694824, -506.463928223, 549.608337402, 1115.43371582
251, 136, -764.986755371, 977.207397461, -570.721313477, 899.410766602, 1044.80822754
252, 108, -1730.38378906, 1678.77587891, -1807.4317627, 1679.72839355, 847.621276855
252, 136, -899.520568848, 284.286315918, -431.740753174, 412.793914795, 1130.1126709
253, 136, -830.447021484, -30.2701969147, -786.789306641, -30.8221187592, 1052.89477539
254, 136, -761.116210938, 217.326965332, -830.065856934, -33.5194320679, 1032.92285156
254, 108, -1843.71472168, 1762.69482422, -1832.00036621, 1845.58776855, 949.920349121
255, 136, -830.97442627, -31.6756877899, -1053.77111816, -212.253921509, 1002.05407715
256, 136, -984.569213867, -31.1386909485, -1053.91210938, -214.406951904, 995.13494873
256, 108, -1910.19775391, 2194.19433594, -1910.16125488, 2193.22241211, 919.334411621
257, 136, -1331.40380859, -555.096740723, -1050.82263184, -445.767364502, 1068.79125977
257, 108, -1923.06152344, 2108.0612793, -1936.82507324, 2191.88208008, 967.976989746
258, 136, -1371.4309082, -719.772216797, -1031.39257813, -443.429504395, 1098.28503418
259, 136, -1391.82177734, -720.629089355, -1204.69763184, -387.87991333, 1133.53088379
260, 136, -1372.07519531, -719.557983398, -1463.3079834, -930.249572754, 1112.86193848
261, 136, -1391.85681152, -721.074645996, -1597.88391113, -1080.70458984, 1053.36547852
262, 158, -2019.72949219, 2566.23779297, -1979.14196777, 2475.44384766, 828.261474609
262, 136, -1654.61462402, -980.176696777, -1598.24182129, -1081.48388672, 1065.25915527
263, 158, -2074.45263672, 2567.02026367, -2114.4543457, 2474.54638672, 847.728759766
263, 136, -1874.44189453, -1275.21228027, -1598.51989746, -1083.57104492, 1058.49914551
264, 158, -2049.89868164, 2761.55932617, -2050.38305664, 2760.78417969, 806.696838379
264, 136, -1951.22119141, -1463.02734375, -1599.01257324, -1080.76074219, 1052.51159668
265, 136, -1874.59545898, -1276.68322754, -1968.86706543, -1463.34606934, 1089.95471191
265, 158, -2092.48510742, 2856.25488281, -2133.32714844, 2760.88256836, 808.29119873
265, 150, 96.0388565063, -5527.28759766, 1.03271329403, -5527.29638672, 1086.27294922
265, 159, 3491.74829102, -30.9408359528, 3469.76513672, -33.4163093567, 1301.38928223
266, 150, 11.9999599457, -5527.29736328, -113.973999023, -5527.06396484, 1277.30969238
266, 136, -1970.16723633, -1462.87426758, -2059.27661133, -1729.60473633, 1085.24768066
266, 159, 3449.86230469, -93.3861999512, 3366.14868164, -151.159500122, 1269.09020996
267, 150, 12.3860282898, -5527.29248047, -120.38054657, -5259.78076172, 1369.33398438
267, 159, 3405.81079102, -95.0422897339, 3340.62280273, -95.5064926147, 1472.39367676
267, 136, -2055.46948242, -1418.83935547, -2185.51098633, -1816.00402832, 1091.54089355
268, 157, -576.876525879, -5527.31152344, -681.710327148, -5527.08740234, 1324.54089355
268, 150, 1.31258928776, -5381.890625, -130.481002808, -5291.00830078, 1382.23205566
268, 159, 3363.05004883, -93.5007247925, 3300.95385742, -150.821090698, 1299.62072754
269, 150, -43.6108016968, -5148.89111328, -164.014007568, -5260.63916016, 1356.38842773
269, 157, -586.563659668, -5527.25537109, -715.97454834, -5275.96972656, 1382.08557129
269, 158, -2266.97265625, 3063.46606445, -2379.98999023, 3064.64941406, 658.880126953
269, 159, 3321.93408203, -155.031768799, 3280.25805664, -214.621871948, 1225.02648926
270, 157, -636.493896484, -5196.82910156, -739.97253418, -5260.72363281, 1359.99804688
270, 150, -101.582710266, -5049.12646484, -164.180786133, -5259.41552734, 1430.30737305
270, 159, 3365.28662109, -154.641159058, 3280.4699707, -213.811294556, 1311.24462891
270, 158, -2465.1003418, 3066.11425781, -2465.22265625, 3065.94287109, 663.675292969
271, 150, -160.707565308, -4998.29199219, -204.016525269, -5082.58056641, 1399.96276855
271, 158, -2463.81420898, 3062.96020508, -2464.22192383, 3062.18847656, 718.778320313
271, 157, -713.792419434, -5032.36181641, -764.295166016, -5244.35400391, 1388.47119141
271, 159, 3430.40698242, -153.583724976, 3260.31738281, -214.805389404, 1347.58483887
272, 157, -837.948608398, -4893.02001953, -788.551879883, -5228.36669922, 1451.40234375
272, 150, -272.78503418, -4838.92041016, -389.586608887, -4708.43310547, 1329.75390625
272, 169, -2084.8581543, 3168.8581543, -2085.80200195, 3168.71801758, 750.219909668
272, 158, -2491.70532227, 3064.3371582, -2465.4375, 3063.90600586, 724.009399414
272, 159, 3343.88085938, -153.518829346, 3299.22583008, -155.712860107, 1450.37255859
273, 150, -273.007995605, -4839.45166016, -418.64352417, -4451.73193359, 1391.67028809
273, 157, -842.342163086, -4784.44384766, -903.36541748, -4857.27783203, 1366.62402344
273, 169, -2149.62939453, 3590.83935547, -2149.58374023, 3591.01953125, 811.136291504
273, 159, 3429.95263672, -89.7125701904, 3321.13037109, -90.3631057739, 1344.11010742
274, 150, -289.866882324, -4727.18701172, -421.38973999, -4410.14355469, 1374.69824219
274, 157, -834.477661133, -4838.81738281, -987.352905273, -4708.68164063, 1354.29345703
274, 159, 3489.94335938, 29.3657455444, 3379.17211914, 92.585067749, 1282.13464355
275, 157, -856.814086914, -4765.82763672, -895.56072998, -4670.53076172, 1420.44348145
275, 177, -2541.59155273, 3485.6081543, -2522.16772461, 3378.18481445, 729.375793457
275, 150, -334.063110352, -4367.2109375, -434.627563477, -4410.23535156, 1326.19311523
276, 157, -906.24798584, -4430.94042969, -982.862731934, -4512.60546875, 1343.63757324
276, 177, -2580.97924805, 3705.21044922, -2581.21728516, 3702.35351563, 679.560852051
276, 150, -383.55859375, -4192.16796875, -422.621154785, -4409.39355469, 1339.40844727
276, 159, 3484.20166016, 284.047241211, 3390.23193359, 347.263824463, 1260.08081055
277, 150, -444.515533447, -4077.40039063, -439.664154053, -4346.12060547, 1380.17077637
277, 157, -961.144104004, -4236.72412109, -1024.87695313, -4410.12402344, 1360.31896973
277, 177, -2600.36938477, 3817.80981445, -2600.96582031, 3814.30664063, 656.634521484
277, 159, 3434.05126953, 415.9815979, 3255.79956055, 350.494750977, 1351.38061523
278, 150, -450.864440918, -3983.1081543, -561.35559082, -3983.23120117, 1307.05712891
278, 157, -1066.76025391, -4077.83398438, -1025.21044922, -4410.34863281, 1373.03222656
278, 159, 3296.10522461, 412.549133301, 3232.29394531, 351.733001709, 1372.92712402
279, 150, -532.999633789, -3982.5546875, -659.7734375, -3811.19604492, 1312.53271484
279, 157, -1086.27404785, -4124.09277344, -1062.9987793, -4258.77539063, 1383.20532227
279, 191, -2630.82617188, 3823.27734375, -2631.82739258, 3821.23168945, 638.895263672
280, 157, -1115.37512207, -4031.46655273, -1215.91015625, -4007.3984375, 1330.70898438
280, 150, -536.886352539, -3934.74609375, -680.520568848, -3602.14599609, 1342.24853516
280, 191, -2621.38354492, 3931.81469727, -2650.58398438, 3929.81420898, 614.815856934
280, 193, -3300.16674805, 3593.87207031, -3299.80761719, 3594.15307617, 710.028564453
281, 157, -1115.24475098, -4030.73779297, -1242.66113281, -3860.95336914, 1324.99560547
281, 150, -576.020141602, -3629.81665039, -697.63848877, -3575.31787109, 1271.16772461
281, 184, -3299.57641602, 3593.79980469, -3298.04541016, 3593.71289063, 737.909667969
282, 157, -1169.96228027, -3708.80517578, -1247.10888672, -3760.28833008, 1296.86889648
282, 150, -681.240356445, -3437.85424805, -700.104492188, -3548.81005859, 1282.35668945
282, 196, -3217.82226563, 3376.73242188, -3102.33056641, 3374.12060547, 766.68359375
282, 191, -2652.48950195, 3939.80883789, -2652.74511719, 3938.78637695, 731.946533203
283, 157, -1170.05493164, -3627.92016602, -1265.19091797, -3734.0703125, 1314.84191895
283, 150, -714.639038086, -3409.00366211, -694.446289063, -3601.57177734, 1308.79248047
283, 199, -3078.93652344, 3269.81030273, -3022.16992188, 3270.37670898, 732.253051758
283, 191, -2654.13085938, 3939.40429688, -2654.70800781, 3938.48486328, 614.815856934
284, 150, -764.979370117, -3206.09423828, -740.55078125, -3439.08154297, 1303.96813965
284, 157, -1304.46008301, -3438.64331055, -1299.22229004, -3629.90844727, 1287.81518555
284, 199, -3022.76708984, 3271.59985352, -3017.38330078, 3375.20605469, 704.103759766
285, 157, -1379.65759277, -3438.27612305, -1319.08422852, -3601.94995117, 1328.01989746
285, 150, -856.856994629, -3204.82861328, -990.937561035, -3114.83764648, 1240.23840332
285, 202, -2971.45141602, 3166.42919922, -2970.71362305, 3166.87084961, 702.69152832
285, 203, 3934.87207031, 281.482421875, 3732.30859375, 283.121734619, 1296.19384766
285, 204, -2705.24145508, 4054.27368164, -2725.39477539, 4167.08789063, 789.326843262
286, 157, -1443.77197266, -3265.56005859, -1538.36340332, -3174.61230469, 1264.53063965
286, 150, -860.298461914, -3175.36547852, -1033.45654297, -2924.84838867, 1245.43408203
286, 203, 3821.51513672, -31.9484024048, 3623.78295898, -32.4245643616, 1296.19384766
286, 202, -3016.3737793, 3375.05883789, -3015.05712891, 3373.55102539, 697.84753418
287, 150, -901.065734863, -2959.08203125, -1037.19812012, -2891.58544922, 1257.09814453
287, 204, -2969.83984375, 3165.03637695, -2911.80615234, 3164.51318359, 702.362487793
287, 157, -1443.78222656, -3264.48925781, -1637.85620117, -3145.47338867, 1257.39794922
287, 203, 3734.38793945, -29.9747753143, 3624.03125, -30.7189483643, 1386.12573242
288, 157, -1463.84570313, -3235.4284668, -1653.68164063, -3143.69262695, 1295.17431641
288, 210, -2862.0847168, 3062.01611328, -2749.8503418, 3064.75439453, 756.592224121
288, 150, -1005.90356445, -2760.83862305, -1025.63085938, -2859.55273438, 1194.72473145
288, 203, 3578.15820313, 92.0853118896, 3597.78369141, 217.533508301, 1340.63354492
289, 210, -2862.78881836, 3062.49951172, -2749.14819336, 3062.85864258, 756.170654297
289, 157, -1536.22680664, -2957.64526367, -1660.11181641, -3113.88647461, 1260.19299316
289, 150, -1071.76550293, -2759.88720703, -1051.21374512, -2793.99731445, 1179.79638672
289, 203, 3472.62792969, -93.2702789307, 3493.35302734, -93.1103591919, 1453.15344238
290, 150, -1148.28881836, -2444.82617188, -1108.56726074, -2727.32226563, 1266.32434082
290, 157, -1660.81921387, -2892.16308594, -1734.94311523, -2988.82495117, 1283.73339844
290, 210, -2749.23950195, 3066.33422852, -2748.67797852, 3065.23242188, 871.266784668
290, 203, 3470.56005859, -30.0228366852, 3470.54394531, -32.3892440796, 1472.39367676
291, 150, -1272.5267334, -2407.92480469, -1289.49365234, -2410.04125977, 1189.65002441
291, 157, -1710.50683594, -2956.29248047, -1758.3651123, -2956.51049805, 1260.52490234
291, 213, -2748.4152832, 3064.76538086, -2748.48901367, 3064.45068359, 843.323364258
291, 203, 3341.85009766, -93.9671478271, 3320.22729492, -92.8987579346, 1463.61865234
292, 150, -1289.50292969, -2409.99145508, -1473.14660645, -2332.35351563, 1173.83068848
292, 157, -1818.68933105, -2692.89038086, -1917.81848145, -2693.05224609, 1221.74023438
292, 214, -2727.53833008, 2955.35205078, -2698.55566406, 2954.63208008, 804.789611816
292, 203, 3340.87988281, -94.8258895874, 3149.65698242, -151.205764771, 1447.38366699
293, 150, -1267.2578125, -2444.17797852, -1421.76464844, -2333.25, 1175.26147461
293, 157, -1834.36791992, -2693.83203125, -1959.01403809, -2657.58056641, 1239.38537598
293, 214, -2699.89086914, 2957.76660156, -2615.6862793, 2957.54663086, 833.171203613
293, 203, 3342.24926758, -91.146987915, 3167.44824219, -89.8418502808, 1389.14013672
294, 214, -2612.86767578, 2663.45263672, -2595.39257813, 2856.12182617, 819.051391602
294, 203, 3340.74487305, -95.4199447632, 3187.84667969, -94.3776855469, 1431.78442383
294, 150, -1401.05053711, -2143.22167969, -1482.69104004, -2182.01147461, 1148.35559082
294, 157, -1819.11352539, -2692.85693359, -2001.62207031, -2552.78735352, 1244.92785645
295, 150, -1525.10791016, -2141.65283203, -1524.63171387, -2143.62036133, 1204.03430176
295, 203, 3342.31591797, -91.24269104, 3189.2331543, -92.3637924194, 1430.06494141
295, 214, -2615.06787109, 2956.52148438, -2513.65356445, 2860.65820313, 909.453552246
295, 157, -1885.05786133, -2481.74536133, -2011.08349609, -2444.74853516, 635.945678711
296, 150, -1567.60705566, -2101.96386719, -1534.70251465, -2181.22241211, 1204.03430176
296, 214, -2476.87573242, 2662.94702148, -2467.56738281, 2759.65185547, 897.595947266
296, 203, 3450.31469727, -94.5599060059, 3171.2980957, -151.190582275, 1402.68505859
296, 157, -1961.98144531, -2370.77661133, -2039.50219727, -2333.46069336, 583.645080566
297, 203, 3513.4152832, 30.3500328064, 3164.41064453, -31.5230751038, 1398.22875977
297, 214, -2414.65527344, 2472.37817383, -2431.43798828, 2565.5246582, 863.307067871
297, 150, -1649.00927734, -1857.98071289, -1645.77587891, -2061.89282227, 1162.08947754
297, 217, -3091.31738281, 3594.45532227, -3086.67138672, 3700.27636719, 820.930541992
297, 157, -2057.99560547, -2257.51489258, -2104.74072266, -2142.96142578, 554.949157715
298, 203, 3513.00878906, 30.0376434326, 3303.43334961, 284.452728271, 1419.87316895
298, 150, -1679.28283691, -1981.19519043, -1749.2902832, -1900.33374023, 1152.05419922
298, 214, -2457.6484375, 2566.73510742, -2448.73681641, 2663.1706543, 839.894592285
298, 219, -2094.25537109, -2181.66113281, -2131.7409668, -2103.68334961, 968.831237793
299, 150, -1679.1763916, -1981.18664551, -1766.92602539, -1816.05944824, 1153.2857666
299, 203, 3534.64331055, 29.5787410736, 3480.88989258, 345.854492188, 1442.40136719
299, 214, -2395.22607422, 2382.56201172, -2403.37353516, 2565.83398438, 883.112792969
299, 217, -3087.7824707, 3704.89672852, -3088.13085938, 3707.13476563, 686.833679199
300, 150, -1764.46704102, -1731.35510254, -1783.8548584, -1730.30700684, 1094.19909668
300, 214, -2386.23144531, 2470.64453125, -2384.84960938, 2471.90112305, 877.069458008
300, 220, -3088.01074219, 3705.52514648, -3088.22241211, 3705.8762207, 598.975708008
300, 203, 3553.78637695, 154.281219482, 3437.02954102, 351.440917969, 1405.9005127
301, 214, -2352.18994141, 2292.06152344, -2341.00805664, 2377.37548828, 877.069458008
301, 220, -3115.62231445, 3702.93652344, -3087.73461914, 3703.89794922, 684.819091797
301, 150, -1798.34106445, -1370.02380371, -1784.18444824, -1728.8963623, 1079.71679688
301, 203, 3457.80151367, 413.887481689, 3320.546875, 413.830688477, 1374.75390625
302, 214, -2323.95385742, 2283.07885742, -2245.17749023, 2286.12817383, 918.675964355
302, 150, -1931.80834961, -1463.63537598, -1884.60998535, -1685.95812988, 1070.92041016
302, 203, 3343.42041016, 415.16784668, 3343.98730469, 416.55670166, 1375.31433105
303, 214, -2323.9699707, 2285.29052734, -2217.84350586, 2286.83349609, 888.880737305
303, 150, -2053.88110352, -1510.13317871, -1857.48168945, -1728.15307617, 1068.82287598
304, 214, -2297.68676758, 2283.85180664, -2164.46777344, 2285.84960938, 891.984924316
304, 150, -2018.5567627, -1416.55786133, -1978.57727051, -1509.71643066, 1110.61303711
305, 150, -2142.89453125, -1371.13000488, -2169.95214844, -1418.16577148, 1148.24951172
305, 224, -3061.55566406, 3594.58178711, -3060.62011719, 3593.3203125, 702.25592041
305, 214, -2175.55664063, 2193.21728516, -2109.10864258, 2107.70727539, 917.174438477
306, 214, -2175.28173828, 2194.83666992, -2122.89379883, 2194.89794922, 953.921020508
306, 150, -2150.49414063, -1417.30322266, -2152.38696289, -1416.04284668, 1146.44921875
307, 214, -2132.56396484, 2104.14916992, -2107.35424805, 2106.51367188, 984.549499512
307, 230, -2750.18408203, 3062.48413086, -2778.51611328, 3066.95507813, 722.960632324
308, 214, -2079.50024414, 1931.08435059, -2052.76855469, 1931.71435547, 935.322021484
309, 232, -2748.79101563, 3066.45336914, -2770.49731445, 3162.34814453, 724.004882813
309, 214, -2089.29931641, 1847.75097656, -2051.91967773, 1930.6907959, 959.935791016
310, 214, -2037.06225586, 1681.76647949, -1947.54101563, 1761.85424805, 903.23614502
310, 232, -2748.14550781, 3063.53466797, -2749.0078125, 3063.78637695, 744.633911133
311, 214, -2037.25634766, 1679.8170166, -1909.3807373, 1680.30102539, 902.529724121
311, 232, -2722.08300781, 3063.44970703, -2748.39868164, 3064.13891602, 695.258239746
312, 214, -1996.87487793, 1597.31616211, -1847.18212891, 1600.61645508, 949.275024414
312, 232, -2702.34228516, 2962.78295898, -2702.17602539, 2961.08862305, 767.416381836
313, 214, -1971.74255371, 1594.01672363, -1845.87841797, 1597.79370117, 909.36151123
314, 214, -1933.56494141, 1515.3449707, -1844.73742676, 1593.55847168, 929.894897461
314, 232, -2701.20751953, 2959.13623047, -2700.03930664, 2961.14697266, 739.680419922
315, 214, -1859.1463623, 1355.25256348, -1795.79223633, 1435.79626465, 958.161987305
315, 232, -2661.8671875, 2760.32421875, -2678.75488281, 2855.8215332, 828.358093262
316, 214, -1846.91418457, 1276.40075684, -1783.51049805, 1353.53601074, 975.080383301
316, 232, -2706.71386719, 2857.59277344, -2680.4140625, 2857.65356445, 806.975219727
317, 232, -2622.62084961, 2566.49560547, -2621.16894531, 2567.17163086, 822.313842773
317, 214, -1774.90917969, 1123.82556152, -1725.85803223, 1125.5324707, 978.077880859
318, 232, -2585.23901367, 2381.2734375, -2583.95019531, 2381.34594727, 822.313842773
318, 214, -1762.82202148, 1048.98571777, -1714.34814453, 1049.03723145, 995.099609375
319, 232, -2602.70874023, 2471.12353516, -2574.85058594, 2471.46630859, 796.291259766
319, 214, -1751.74230957, 979.491943359, -1679.75671387, 979.04486084, 971.816894531
320, 232, -2540.38232422, 2292.09326172, -2459.47143555, 2291.91430664, 789.023864746
320, 214, -1728.23693848, 974.517700195, -1607.90771484, 976.05065918, 1011.55187988
321, 232, -2530.56738281, 2376.93530273, -2407.43945313, 2292.31079102, 814.410766602
321, 214, -1716.87463379, 901.159912109, -1549.76184082, 903.485595703, 1057.84362793
322, 214, -1717.18786621, 900.281921387, -1540.11889648, 830.732910156, 1158.96240234
322, 232, -2404.9230957, 2284.75683594, -2352.68212891, 2286.98803711, 838.50378418
323, 214, -1650.68908691, 618.589050293, -1539.38256836, 828.262207031, 1089.19067383
323, 232, -2362.62182617, 2194.28662109, -2336.30200195, 2196.81958008, 801.07409668
324, 214, -1630.03710938, 482.911346436, -1520.32678223, 688.205932617, 991.252929688
324, 232, -2362.33959961, 2194.99633789, -2335.27880859, 2197.34521484, 826.265075684
325, 214, -1631.03979492, 480.92376709, -1502.39306641, 550.874084473, 1159.70629883
325, 232, -2345.03198242, 2106.30908203, -2307.90258789, 2191.52685547, 815.453857422
326, 214, -1620.04248047, 414.617431641, -1461.2442627, 417.388336182, 987.709411621
326, 232, -2328.61474609, 2017.88439941, -2291.61669922, 2103.92944336, 809.808410645
327, 214, -1620.92834473, 413.629638672, -1451.14428711, 349.0390625, 1013.00769043
327, 232, -2287.95410156, 1933.16699219, -2275.86035156, 2017.23425293, 809.808410645
328, 214, -1556.49938965, 283.248382568, -1442.5168457, 282.916442871, 1043.96032715
328, 232, -2255.51611328, 1761.65686035, -2203.88354492, 1760.3203125, 828.046203613
329, 214, -1480.8684082, -90.0402908325, -1386.9329834, 29.2764053345, 1056.08874512
329, 232, -2215.35522461, 1677.66821289, -2138.78930664, 1677.43249512, 828.046203613
330, 214, -1451.1920166, -151.122894287, -1392.64123535, -90.7669296265, 1065.01904297
330, 232, -2239.98779297, 1676.69714355, -2099.51806641, 1598.13916016, 822.327514648
331, 214, -1450.74462891, -152.678665161, -1391.96679688, -94.0369720459, 1083.13366699
331, 232, -2239.73608398, 1679.47253418, -2074.53930664, 1595.8145752, 821.296508789
332, 232, -2185.66699219, 1516.18017578, -2059.60986328, 1512.83911133, 881.396606445
332, 214, -1441.84753418, -213.670730591, -1276.13830566, -331.077178955, 1077.16564941
333, 232, -2131.28271484, 1353.78369141, -2057.22998047, 1356.41589355, 939.230773926
333, 214, -1428.10632324, -155.584518433, -1254.8848877, -330.208679199, 1118.2175293
334, 232, -2030.38439941, 1200.11340332, -1995.15441895, 1277.93896484, 933.908569336
334, 214, -1352.08129883, -555.344360352, -1207.37072754, -553.677246094, 1115.28417969
335, 232, -1994.07910156, 1125.96923828, -2006.80078125, 1355.85583496, 933.513977051
335, 214, -1323.74731445, -614.86529541, -1206.25317383, -556.086425781, 1099.44470215
336, 232, -1993.76586914, 1123.84033203, -1993.62963867, 1278.28088379, 875.572265625
336, 214, -1316.58752441, -667.493652344, -1200.21179199, -610.13494873, 1132.28845215
337, 232, -1981.21459961, 1050.39501953, -1968.73596191, 1126.20324707, 902.131286621
337, 214, -1288.67150879, -877.250244141, -1100.68908691, -930.277954102, 1126.37402344
338, 214, -1329.68664551, -721.554870605, -1114.37194824, -982.205627441, 1139.38085938
338, 232, -1956.14672852, 905.54675293, -1943.39611816, 974.954406738, 932.531433105
339, 232, -1932.63378906, 902.458190918, -1908.8548584, 904.076782227, 920.938415527
339, 214, -1254.46386719, -981.219421387, -1115.60412598, -981.123474121, 1168.16186523
340, 232, -1919.87463379, 829.796264648, -1894.93945313, 831.213317871, 937.039123535
340, 214, -1107.18481445, -1228.40649414, -1064.28356934, -1083.02697754, 1107.83789063
341, 232, -1894.88378906, 687.676269531, -1871.40319824, 827.427612305, 934.137756348
341, 214, -1084.83569336, -1417.74365234, -1061.22839355, -1277.21520996, 1156.76147461
342, 214, -1084.26184082, -1419.76977539, -912.494689941, -1418.18701172, 1180.73132324
342, 232, -1850.18444824, 419.160339355, -1814.7644043, 482.183227539, 928.422668457
343, 214, -1097.10681152, -1463.01464844, -848.541625977, -1685.83764648, 1188.75598145
343, 232, -1827.6184082, 418.190917969, -1803.68383789, 418.055755615, 950.319396973
344, 214, -1082.74230957, -1419.14001465, -830.152648926, -1686.78686523, 1188.33679199
344, 232, -1803.69714355, 412.627410889, -1780.65441895, 413.006469727, 976.276611328
345, 232, -1793.07739258, 351.123718262, -1666.54003906, 412.404144287, 954.772705078
345, 214, -886.197509766, -1857.47167969, -807.54473877, -1731.32043457, 1239.07739258
346, 232, -1748.40380859, 218.005096436, -1645.6854248, 283.385528564, 1005.18444824
346, 214, -816.168823242, -2022.97473145, -781.433776855, -1815.08093262, 1174.4609375
347, 232, -1718.56628418, 30.7325019836, -1577.27209473, -29.9592266083, 926.997497559
347, 214, -755.937866211, -2103.05102539, -677.25604248, -1982.14550781, 1221.48632813
348, 232, -1708.90625, -32.2204017639, -1577.91748047, -29.8376598358, 926.997497559
348, 214, -756.393432617, -2102.38476563, -553.627807617, -2219.74414063, 1210.27307129
349, 232, -1645.57519531, -151.272079468, -1589.26586914, -94.4921798706, 956.739868164
349, 214, -773.573974609, -2102.44555664, -543.32409668, -2371.15673828, 1189.73291016
350, 232, -1614.69384766, -214.08013916, -1558.3425293, -152.989334106, 1001.32836914
350, 214, -643.487854004, -2408.97119141, -541.231445313, -2407.50341797, 1192.46728516
351, 232, -1566.10693359, -387.801422119, -1548.11962891, -215.211975098, 995.747619629
351, 214, -522.586914063, -2691.87890625, -541.643493652, -2409.72583008, 1257.04418945
352, 232, -1520.31115723, -554.989562988, -1477.8326416, -555.919250488, 987.74420166
352, 214, -475.83380127, -2923.81274414, -440.268768311, -2407.00463867, 1256.87060547
353, 214, -459.243499756, -2926.32519531, -271.40057373, -2827.71191406, 1271.73461914
353, 232, -1541.12365723, -556.533630371, -1477.55065918, -559.169067383, 995.556152344
354, 214, -491.237426758, -2924.21606445, -153.797714233, -3083.29272461, 1264.74450684
354, 232, -1515.21166992, -720.34576416, -1469.20837402, -614.879760742, 980.512634277
355, 232, -1455.64697266, -982.168273926, -1422.53100586, -929.972839355, 1005.08856201
355, 214, -330.826934814, -2959.05883789, -136.514877319, -3173.98217773, 1279.06018066
356, 214, -163.46182251, -3352.3371582, -136.77684021, -3173.75219727, 1337.49023438
356, 232, -1455.6463623, -980.46105957, -1414.49353027, -979.429931641, 1005.08856201
357, 214, -98.5921707153, -3628.17211914, -107.372627258, -3052.04394531, 1325.92651367
357, 232, -1447.0736084, -1029.68017578, -1307.25549316, -1179.59130859, 1054.80786133
358, 214, -70.2621765137, -3601.90966797, 2.38520169258, -3294.21655273, 1323.41186523
358, 232, -1447.51757813, -1033.58911133, -1326.85375977, -1180.43383789, 1053.03283691
359, 232, -1396.59057617, -1370.26831055, -1287.29431152, -1323.42175293, 1022.34594727
359, 214, -98.5918045044, -3654.81152344, 231.260406494, -3682.51220703, 1291.94458008
360, 214, -12.052520752, -3627.9621582, 253.467498779, -3859.85424805, 1342.96875
360, 232, -1348.90930176, -1554.08532715, -1312.73657227, -1417.24987793, 1033.30517578
361, 214, 167.889144897, -3935.17651367, 267.776428223, -3861.67260742, 1348.09509277
361, 232, -1343.33935547, -1598.03991699, -1231.08959961, -1464.15136719, 1032.78100586
362, 214, 301.857269287, -4324.16210938, 291.100708008, -3958.94213867, 1401.5402832
362, 232, -1341.8248291, -1599.6114502, -1187.49499512, -1773.61206055, 1070.83190918
363, 232, -1329.57141113, -1687.82739258, -1165.15002441, -1941.49230957, 1060.91320801
363, 214, 311.067993164, -4389.03857422, 438.756103516, -3810.64257813, 1394.96240234
364, 232, -1290.67150879, -1941.66760254, -1171.97961426, -1899.85900879, 1043.91137695
364, 214, 310.257995605, -4409.45751953, 518.749145508, -4367.61279297, 1355.69787598
364, 237, 4066.19628906, 92.0448074341, 3975.85253906, -30.5776119232, 1053.80358887
365, 232, -1135.33190918, -2295.56738281, -1166.90441895, -2061.02563477, 1111.05871582
365, 214, 310.072753906, -4409.83056641, 630.96472168, -4651.46923828, 1383.62255859
365, 237, 4020.76293945, 29.5737380981, 3887.2824707, -33.2884674072, 1001.26959229
366, 232, -1125.21936035, -2371.53491211, -1108.74768066, -2102.88916016, 1120.85559082
366, 214, 417.166107178, -4532.56982422, 612.602172852, -4709.11035156, 1388.88183594
366, 237, 3889.4543457, 30.4050788879, 3845.16040039, -30.2065906525, 1091.46960449
367, 214, 557.537231445, -5015.58691406, 646.958068848, -4729.01171875, 1453.26477051
367, 232, -1124.64453125, -2370.56591797, -961.508544922, -2444.97460938, 1080.14282227
368, 232, -1108.91113281, -2369.54223633, -920.686157227, -2657.18334961, 1111.86071777
368, 214, 620.703186035, -5165.10009766, 670.229370117, -4839.27978516, 1436.82946777
368, 237, 3648.55883789, -151.680908203, 3624.73608398, -153.754211426, 988.982666016
369, 232, -1057.89331055, -2623.44458008, -921.471923828, -2656.61645508, 1096.8684082
369, 214, 610.262268066, -5164.73779297, 754.242126465, -4838.54052734, 1405.14562988
370, 232, -897.432739258, -2990.34741211, -928.395385742, -2727.87255859, 1154.56262207
370, 214, 611.62109375, -5244.59667969, 939.705688477, -5396.82080078, 1441.48803711
371, 232, -864.508300781, -3144.38208008, -875.759094238, -2760.98510742, 1152.28417969
371, 214, 608.574157715, -5275.30029297, 937.113830566, -5527.21142578, 1375.62231445
371, 239, 3496.53149414, -152.135269165, 3454.50219727, -213.481719971, 1208.26599121
372, 232, -875.043151855, -3052.54614258, -719.202026367, -3204.89648438, 1165.18286133
372, 214, 842.990661621, -5527.22216797, 926.677429199, -5527.26074219, 1297.70251465
372, 239, 3353.80615234, -387.083007813, 3392.43457031, -330.598266602, 1348.46594238
373, 232, -878.909179688, -3144.36889648, -698.703491211, -3410.18408203, 1190.30224609
373, 239, 3431.0168457, -215.182647705, 3372.56176758, -329.334686279, 1351.06884766
374, 232, -857.181945801, -3206.04736328, -699.274353027, -3408.41088867, 1165.58959961
374, 239, 3430.09155273, -154.244979858, 3302.07470703, -151.890823364, 1304.13317871
375, 239, 3367.10375977, -214.796508789, 3258.72900391, -213.182144165, 1347.42114258
375, 232, -643.242675781, -3835.11352539, -696.588195801, -3575.24829102, 1234.16772461
376, 232, -571.922851563, -3861.43481445, -696.011047363, -3437.1081543, 1229.41906738
376, 239, 3367.8112793, -212.761734009, 3238.42382813, -213.895233154, 1312.47058105
377, 232, -571.972106934, -3861.76733398, -444.561676025, -3862.05932617, 1152.81982422
377, 239, 3300.93334961, -152.676589966, 3214.25463867, -151.819702148, 1243.1159668
378, 232, -571.623352051, -3860.67675781, -331.643493652, -4169.22119141, 1196.0065918
378, 239, 3300.36816406, -156.302810669, 3255.79492188, -155.728744507, 1275.7980957
379, 232, -569.208862305, -3886.65917969, -330.242736816, -4191.48779297, 1172.45739746
379, 239, 3300.20727539, -156.76020813, 3255.58666992, -157.016143799, 1266.19750977
380, 232, -372.922729492, -4573.60986328, -328.027770996, -4236.26171875, 1257.05053711
380, 239, 3245.57910156, -330.422821045, 3204.14404297, -386.771636963, 1276.61291504
381, 232, -304.098571777, -4689.98876953, -300.504821777, -4258.96630859, 1275.92712402
381, 239, 3300.671875, -156.053039551, 3276.93945313, -155.72114563, 1366.12902832
382, 232, -291.683105469, -4708.32910156, -145.34475708, -4690.171875, 1184.35327148
382, 239, 3321.29785156, -155.556915283, 3299.40087891, -155.092514038, 1335.29711914
383, 232, -292.757446289, -4689.71240234, -68.0771102905, -4981.11132813, 1238.01037598
383, 240, 3284.23754883, -272.279205322, 3263.92919922, -272.682647705, 1324.41748047
384, 232, -290.835571289, -4709.88183594, -33.2584686279, -5015.51953125, 1211.14599609
385, 232, -84.408454895, -5396.68261719, -55.3258895874, -5082.72216797, 1312.94555664
385, 241, 3338.96362305, -32.0967674255, 3295.15966797, -32.0162277222, 1419.87316895
386, 232, -8.92099380493, -5527.00048828, -9.76740550995, -5259.60888672, 1211.81677246
386, 241, 3378.74658203, 90.9037094116, 3333.21435547, 91.7945861816, 1350.61108398
387, 232, 1.35972034931, -5527.12646484, 150.421569824, -5470.06933594, 1059.81506348
387, 241, 3356.06616211, 92.8215866089, 3309.03662109, 155.46446228, 1372.75012207
388, 241, 3416.21166992, 281.683929443, 3415.11889648, 282.291534424, 1342.65380859
389, 241, 3480.20117188, 412.942047119, 3479.83520508, 412.772460938, 1289.28710938
398, 243, -3114.62475586, 2018.67138672, -3062.62719727, 2018.85095215, 839.644104004
399, 243, -3020.77075195, 1845.15234375, -2950.09741211, 1763.17163086, 813.753417969
400, 243, -3050.59106445, 1760.49829102, -2949.70776367, 1761.64135742, 814.269592285
401, 243, -2979.93701172, 1677.19677734, -2904.78613281, 1678.45239258, 814.269592285
402, 243, -2960.88208008, 1598.16931152, -2935.66723633, 1599.30981445, 833.199890137
403, 243, -2960.03173828, 1593.3137207, -2934.2590332, 1593.23388672, 833.287597656
404, 243, -2989.95092773, 1514.62402344, -2989.3581543, 1513.17797852, 847.023681641
405, 243, -3015.1237793, 1510.74926758, -3014.05761719, 1511.13903809, 840.751037598
407, 248, -2899.64575195, 1051.02807617, -2869.8527832, 1124.27270508, 923.68182373
408, 248, -2951.33349609, 1354.1328125, -2969.78198242, 1432.03039551, 781.596130371
409, 247, -2931.50927734, 1276.04101563, -2931.65356445, 1276.43554688, 781.596130371
410, 247, -2738.29614258, 979.042297363, -2738.47949219, 980.072387695, 799.356140137
411, 247, -2737.44213867, 976.324645996, -2738.06347656, 977.290588379, 841.267578125
412, 247, -2698.08251953, 904.617797852, -2712.43359375, 973.486999512, 859.541381836
413, 247, -2697.44262695, 902.771362305, -2696.28833008, 904.558349609, 854.330078125
414, 247, -2697.60620117, 904.515686035, -2711.80102539, 972.47253418, 853.881286621
415, 249, -2656.1953125, 830.753601074, -2671.79077148, 898.871032715, 889.592346191
416, 247, -2567.45654297, 550.902404785, -2582.65039063, 617.624816895, 942.148864746
417, 247, -2552.17114258, 687.880310059, -2497.5012207, 758.780334473, 903.155517578
418, 247, -2399.73852539, 417.611816406, -2412.17773438, 481.881744385, 936.190551758
419, 247, -2374.55737305, 415.190063477, -2398.44555664, 414.519897461, 954.686950684
421, 247, -2360.28564453, 346.988586426, -2338.67089844, 348.446014404, 1022.24304199
422, 247, -2274.46191406, 154.36315918, -2257.27050781, 283.067779541, 1054.61193848
423, 247, -2213.27587891, -30.7316684723, -2163.92944336, 154.971221924, 1032.32409668
424, 247, -2157.58886719, -90.0626449585, -2138.30981445, 29.7074012756, 1026.62475586
425, 247, -2113.28759766, -94.6611328125, -2112.72338867, -92.7709579468, 931.937255859
426, 247, -2113.3190918, -91.3272171021, -2135.73852539, -90.2478179932, 981.874511719
427, 247, -2101.81103516, -156.493911743, -2080.01635742, -154.076568604, 995.562561035
428, 247, -2055.66503906, -273.413208008, -2077.12036133, -272.71975708, 989.333435059
429, 247, -2042.04125977, -445.258636475, -2021.91503906, -330.798370361, 1006.99310303
430, 247, -1999.49597168, -554.581115723, -1854.4152832, -555.325866699, 1021.83416748
430, 253, -3039.34399414, 3482.71264648, -2919.60302734, 3062.1706543, 669.179992676
431, 247, -1998.56884766, -557.465026855, -1852.98059082, -558.773803711, 1016.13806152
431, 253, -2970.37939453, 3161.71289063, -2924.64013672, 2961.6730957, 664.038208008
432, 247, -1925.13049316, -613.39074707, -1874.09008789, -557.897460938, 1057.00427246
432, 254, -2947.61499023, 3059.00463867, -2897.58618164, 2960.56103516, 663.976806641
433, 247, -1804.32189941, -825.975219727, -1842.39892578, -614.469299316, 1064.91418457
433, 254, -2904.09716797, 2857.37817383, -2874.94677734, 2855.98193359, 718.182434082
434, 247, -1776.01428223, -978.259216309, -1793.38098145, -773.655334473, 1059.70361328
434, 254, -2924.49267578, 2954.98217773, -2874.47827148, 2854.91015625, 653.595458984
435, 247, -1774.70288086, -979.894592285, -1732.34130859, -878.881469727, 1058.64831543
435, 254, -2880.83959961, 2759.0871582, -2751.71020508, 2664.08398438, 675.450683594
436, 247, -1765.31860352, -1029.73925781, -1626.59289551, -1029.37902832, 1027.43469238
436, 254, -2819.20532227, 2473.34960938, -2657.09960938, 2470.73095703, 776.288330078
437, 247, -1746.13037109, -1030.40063477, -1606.67102051, -1031.9453125, 1068.03173828
437, 254, -2818.2355957, 2470.96142578, -2657.84912109, 2472.53637695, 613.516174316
438, 247, -1696.51269531, -1082.3293457, -1626.4152832, -1030.91479492, 1065.25915527
438, 254, -2753.26757813, 2288.71337891, -2595.39453125, 2292.03930664, 686.434814453
439, 247, -1633.93041992, -1323.11816406, -1598.6628418, -1082.9765625, 1092.22949219
439, 254, -2773.08129883, 2378.82470703, -2612.65869141, 2379.92944336, 665.893432617
440, 247, -1579.1496582, -1417.84375, -1549.41247559, -1369.75561523, 1147.33972168
440, 254, -2680.36572266, 2195.50634766, -2549.36035156, 2197.45922852, 682.641418457
441, 247, -1560.43029785, -1418.80639648, -1528.93212891, -1371.11706543, 1141.12182617
441, 254, -2733.60083008, 2198.90234375, -2591.16699219, 2283.97070313, 682.641418457
442, 247, -1556.24475098, -1553.8236084, -1385.38757324, -1685.43371582, 1089.42248535
442, 254, -2626.62841797, 2193.24829102, -2548.57080078, 2195.04833984, 733.550354004
443, 247, -1545.07275391, -1508.5032959, -1360.37634277, -1730.04638672, 1100.34606934
443, 254, -2591.42480469, 2018.91259766, -2548.00708008, 2190.83398438, 727.670898438
444, 247, -1488.35266113, -1729.56005859, -1396.74194336, -1729.36901855, 1081.74414063
444, 254, -2573.20800781, 1932.50585938, -2531.46606445, 2107.16772461, 788.218811035
445, 247, -1442.38757324, -1899.90490723, -1353.61328125, -1772.58178711, 1140.8560791
445, 254, -2496.78613281, 1680.20080566, -2486.33496094, 1763.88781738, 811.78314209
446, 247, -1415.01245117, -2061.51416016, -1346.41540527, -1816.53552246, 1151.13085938
446, 254, -2455.58642578, 1598.2767334, -2429.62475586, 1598.43017578, 806.554077148
447, 247, -1391.34057617, -2100.94140625, -1285.53271484, -2100.9284668, 1165.08532715
447, 254, -2479.39746094, 1600.31506348, -2430.12036133, 1599.57556152, 802.670043945
448, 254, -2453.03613281, 1595.18664551, -2428.21337891, 1595.80688477, 850.259765625
448, 247, -1414.46276855, -2063.43432617, -1255.046875, -2296.44946289, 1134.10559082
449, 247, -1414.44787598, -2062.98217773, -1244.06628418, -2371.50292969, 1166.13012695
449, 254, -2436.43115234, 1517.00256348, -2412.44067383, 1518.70031738, 794.565734863
450, 247, -1340.48181152, -2409.98217773, -1238.88098145, -2406.90112305, 1188.70178223
450, 254, -2381.34448242, 1356.26745605, -2370.87280273, 1434.16650391, 879.501831055
451, 247, -1305.30175781, -2622.49511719, -1222.29870605, -2408.85864258, 1163.15576172
451, 254, -2349.8449707, 1200.11877441, -2354.20019531, 1353.96459961, 897.28894043
452, 254, -2303.10571289, 975.172302246, -2209.2878418, 978.592712402, 837.930847168
452, 247, -1271.87646484, -2727.14941406, -1205.68115234, -2517.30786133, 1195.74645996
453, 254, -2280.41552734, 977.850402832, -2174.64892578, 1052.5333252, 861.588500977
453, 247, -1287.89855957, -2726.55224609, -1173.02429199, -2727.60595703, 1165.69287109
454, 254, -2256.24951172, 976.632507324, -2137.23901367, 979.854309082, 910.90423584
454, 247, -1255.83288574, -2726.57275391, -1091.83154297, -2956.35327148, 1217.16015625
