0, 0, -768.424804688, 4929.45166016, -572.571533203, 4793.09570313, 1760.6105957
0, 1, 661.926940918, 13607.3564453, 711.474304199, 13608.5234375, 1603.28662109
1, 0, -770.563415527, 4923.01806641, -597.779724121, 4662.79003906, 1704.40942383
1, 1, 461.544433594, 13613.4755859, 455.199310303, 13304.9931641, 1603.22570801
2, 1, 575.950622559, 14279.9189453, 423.510894775, 14268.7080078, 1527.7355957
2, 0, -750.153503418, 3940.5559082, -573.510498047, 4051.24609375, 1720.47241211
3, 0, -745.082702637, 3814.72509766, -659.342102051, 3936.04931641, 1595.64379883
3, 1, 426.56942749, 14624.0917969, 374.33203125, 14623.4902344, 1541.82177734
4, 0, -743.932250977, 3821.39892578, -589.684936523, 3702.91601563, 1625.0267334
4, 1, 327.538787842, 14976.2304688, 431.440307617, 14977.9775391, 1567.91369629
5, 0, -721.258850098, 3373.85351563, -534.76184082, 3059.25488281, 1606.17578125
6, 0, -711.487731934, 3166.73486328, -587.826965332, 2955.11621094, 1681.48254395
6, 2, 334.229156494, 15711.3222656, 390.793884277, 15714.8173828, 1381.87695313
7, 0, -706.694030762, 2564.91357422, -555.356384277, 2854.69213867, 1684.87609863
7, 2, 281.263580322, 15712.2617188, 390.411987305, 15711.8447266, 1381.85510254
8, 0, -740.713928223, 2195.13208008, -624.505249023, 2566.42553711, 1612.64038086
8, 2, 342.551696777, 16116.4814453, 401.056365967, 16497.125, 1348.40222168
9, 0, -740.442871094, 2196.40283203, -607.4375, 2197.70996094, 1612.39025879
9, 2, 362.720458984, 17757.8867188, 357.088653564, 17330.2246094, 1306.90783691
10, 0, -772.401611328, 2289.17407227, -607.954223633, 1677.00231934, 1614.10351563
10, 2, 308.785736084, 18226.1894531, 368.810760498, 18219.3613281, 1234.40539551
11, 0, -746.442932129, 1846.0279541, -591.666259766, 1355.41357422, 1592.84387207
11, 7, 187.284591675, 18216.7773438, 368.022644043, 18218.0703125, 1234.36108398
12, 0, -764.692749023, 978.606262207, -579.746459961, 1125.20703125, 1694.11694336
12, 7, 130.978088379, 18692.2109375, 378.317901611, 19151.3730469, 1167.29150391
13, 0, -732.300048828, 481.430328369, -629.461181641, 1124.61120605, 1726.44335938
13, 7, 12.0962810516, 18697.5273438, 11.2926664352, 18706.0136719, 1067.10461426
14, 0, -709.33581543, 483.296051025, -618.396789551, 903.297180176, 1695.71630859
14, 7, 11.5922718048, 19165.0371094, 10.1755990982, 19174.7226563, 1067.10461426
15, 0, -737.850219727, 549.362182617, -577.123596191, 154.774383545, 1590.70117188
16, 0, -761.959472656, 551.085754395, -579.02557373, -212.830001831, 1654.63549805
17, 0, -709.892028809, -214.336669922, -618.911315918, -272.395233154, 1628.79455566
18, 0, -794.853393555, -982.883056641, -563.610900879, -499.949493408, 1654.76672363
19, 0, -794.85144043, -982.279418945, -626.433654785, -826.776245117, 1653.22924805
20, 0, -795.852600098, -981.96697998, -642.042175293, -1463.80725098, 1638.40063477
21, 0, -764.326416016, -1372.05505371, -729.614318848, -1775.30102539, 1629.97875977
22, 0, -880.133178711, -1729.86437988, -722.827880859, -1858.74975586, 1600.16320801
23, 0, -827.846374512, -2444.76293945, -712.801208496, -1981.49658203, 1629.23974609
24, 0, -827.721191406, -2445.55639648, -717.770629883, -2333.58374023, 1613.15734863
25, 0, -832.708557129, -2553.18261719, -758.949279785, -2957.36572266, 1640.8704834
26, 0, -983.866821289, -2409.17333984, -776.950073242, -3234.97094727, 1621.07885742
27, 0, -979.719665527, -3205.99560547, -807.456726074, -3235.44604492, 1633.52612305
28, 0, -972.114990234, -3983.30737305, -837.762573242, -3235.7421875, 1663.85864258
28, 22, 3694.15454102, -2657.75097656, 3759.87817383, -2658.82446289, 1418.7878418
28, 23, 3852.04418945, -1643.08813477, 3851.51074219, -1642.65197754, 986.845092773
29, 0, -969.220825195, -3910.31005859, -833.590148926, -3654.7644043, 1601.60742188
29, 22, 3794.42333984, -2407.85717773, 3794.00048828, -2333.7175293, 1446.90319824
30, 0, -941.477905273, -3910.64404297, -814.463012695, -4451.66113281, 1714.38708496
30, 22, 3827.54321289, -2370.82006836, 3795.04125977, -1772.87927246, 1522.65344238
31, 0, -945.057861328, -4259.15771484, -804.506347656, -4708.20019531, 1633.28723145
31, 22, 3882.41088867, -2103.04711914, 3650.51782227, -1858.16638184, 1415.32458496
32, 0, -966.245605469, -4765.79443359, -826.210754395, -4728.01318359, 1614.78649902
32, 22, 3812.3203125, -1774.76330566, 3665.59301758, -1775.36401367, 1357.49597168
38, 27, 926.180786133, -5411.99560547, 937.09753418, -5527.16503906, 1208.79870605
39, 27, 875.441833496, -5397.01220703, 780.218139648, -5381.53857422, 1452.70043945
40, 27, 866.960693359, -5381.20703125, 644.317993164, -4858.0390625, 1581.77612305
41, 27, 851.982543945, -4820.55224609, 640.969055176, -4784.03662109, 1468.73376465
42, 27, 723.530273438, -4389.00732422, 633.032897949, -4746.82275391, 1585.39770508
43, 27, 624.568603516, -4214.62548828, 612.50378418, -4593.30664063, 1609.06640625
44, 27, 656.898864746, -4030.30444336, 548.734130859, -3836.36108398, 1505.62268066
45, 27, 668.085144043, -3910.35131836, 494.551116943, -3409.48583984, 1556.71472168
46, 27, 710.607910156, -3176.24731445, 524.581481934, -3408.18579102, 1497.21386719
47, 27, 666.548461914, -2794.22143555, 500.529174805, -3323.66845703, 1579.8203125
48, 27, 661.792785645, -2656.08618164, 507.690063477, -2989.47412109, 1562.15759277
49, 27, 679.293457031, -2445.63696289, 546.464904785, -2142.52807617, 1559.02429199
50, 27, 695.062316895, -2258.13769531, 565.275024414, -1857.74499512, 1556.38793945
51, 27, 746.118530273, -1419.85717773, 568.314697266, -1815.2635498, 1545.43225098
52, 27, 734.250366211, -1081.72216797, 572.893798828, -1730.4362793, 1508.24462891
52, 29, 2642.96728516, 4172.73632813, 2441.58935547, 4055.62792969, 1441.96972656
53, 29, 2287.10058594, 4660.44921875, 2631.58862305, 3940.36865234, 1410.70300293
53, 27, 760.90222168, -981.664001465, 618.77520752, -1029.61645508, 1506.05078125
54, 27, 705.520690918, -929.21472168, 531.104248047, -444.034942627, 1541.27026367
54, 29, 2288.05639648, 4667.01904297, 2287.43725586, 4663.63134766, 1479.10168457
55, 27, 758.052185059, -499.185516357, 624.913208008, -272.776397705, 1479.07897949
55, 29, 2081.19311523, 3484.69458008, 2098.21508789, 3593.57641602, 1566.57897949
56, 27, 749.060180664, -30.3373336792, 628.772277832, -212.401367188, 1583.43981934
56, 29, 1920.62915039, 3168.40917969, 2033.38024902, 3167.55957031, 1466.42419434
57, 27, 684.073303223, -30.4518203735, 592.021728516, -92.4860153198, 1541.76855469
57, 29, 1891.34155273, 3163.61010742, 1934.90307617, 3067.16918945, 1481.05456543
58, 27, 734.392150879, 413.449249268, 601.662231445, 482.518157959, 1529.28088379
58, 29, 1387.51672363, 3269.82861328, 1397.2277832, 3375.47094727, 1444.61804199
59, 27, 748.78527832, 617.617614746, 608.123840332, 1051.82873535, 1626.65795898
59, 29, 1357.42053223, 3270.50708008, 1339.83496094, 3376.21069336, 1545.1640625
60, 29, 1333.31689453, 3932.99023438, 1451.32092285, 4537.08447266, 1347.36157227
60, 27, 772.727416992, 977.625671387, 581.397216797, 979.380004883, 1364.59777832
61, 27, 819.140991211, 1677.41625977, 587.819335938, 1126.51391602, 1683.8984375
61, 33, 1635.58703613, 5763.19677734, 1602.04345703, 5766.921875, 1412.57971191
62, 27, 794.591369629, 1681.34533691, 612.093261719, 1595.49182129, 1612.96020508
62, 33, 1603.93249512, 5760.97314453, 1601.57226563, 5766.63818359, 1349.80822754
63, 27, 816.463378906, 2020.28845215, 663.682312012, 2104.54150391, 1557.0098877
63, 34, 485.528808594, 4792.33203125, 485.708374023, 4793.60742188, 1153.328125
63, 33, 1597.79223633, 6064.52050781, 1627.16308594, 6373.21435547, 869.327209473
64, 27, 827.513671875, 2198.75292969, 673.885620117, 2289.27612305, 1536.11315918
64, 34, 483.35925293, 4797.68798828, 359.708496094, 4926.67041016, 1431.61254883
65, 27, 858.249816895, 2661.38916016, 683.244506836, 2471.36694336, 1691.30053711
65, 34, 487.446105957, 4924.89697266, 262.815887451, 4924.49365234, 1364.91430664
66, 34, 231.68019104, 5063.73291016, 70.3736877441, 5061.46289063, 1493.41882324
66, 27, 821.323120117, 2961.19921875, 671.031494141, 2758.74780273, 1758.56469727
67, 34, 134.800308228, 5061.07128906, -94.1669769287, 5333.95996094, 1493.58862305
67, 27, 826.662353516, 3066.17236328, 684.014099121, 3060.99975586, 1471.37158203
68, 34, 38.9751014709, 5618.26660156, -30.6640758514, 5619.65527344, 1468.89782715
68, 27, 894.683898926, 3707.18823242, 717.079589844, 3706.94970703, 1389.15490723
69, 27, 902.031860352, 3823.04248047, 694.465270996, 3821.44360352, 1463.38635254
69, 34, -134.152267456, 6058.27441406, -65.4463806152, 6059.26464844, 1438.91503906
70, 34, -31.2797603607, 6221.03613281, -202.38470459, 6067.15869141, 1414.99865723
70, 27, 742.083374023, 4169.03515625, 709.048461914, 4171.78857422, 1212.79101563
71, 34, 192.073379517, 7386.06445313, -240.29284668, 6375.88720703, 1447.18054199
71, 27, 771.186889648, 4789.84765625, 738.445983887, 4788.296875, 1382.40441895
72, 34, 6.31909894943, 7209.52490234, -139.909713745, 6866.42871094, 1435.77539063
72, 27, 810.876525879, 4925.44726563, 745.695678711, 4922.60058594, 1418.90197754
73, 34, -30.8765487671, 7208.45556641, -141.387329102, 7037.52636719, 1380.39001465
73, 27, 780.341247559, 4934.50732422, 753.17980957, 5064.07080078, 1482.53088379
73, 38, 3962.11279297, -1728.72717285, 3942.01953125, -1773.13647461, 1217.55102539
73, 39, -2363.99121094, 12691.1103516, -2396.59741211, 12968.7138672, 896.834350586
74, 27, 855.125, 5759.28515625, 819.686462402, 5765.50048828, 1476.29736328
74, 34, -32.8702354431, 7215.06835938, -179.503387451, 7214.12744141, 1538.99633789
74, 38, 4239.69091797, -1686.76171875, 3942.4440918, -1731.71032715, 1330.98608398
75, 27, 897.877563477, 5913.1328125, 795.229431152, 5917.04589844, 1485.06970215
75, 34, -31.0166549683, 7382.42675781, -143.673278809, 7387.94140625, 1514.40368652
75, 38, 4004.9440918, -1419.44055176, 3961.51098633, -1687.71887207, 1496.04467773
76, 27, 878.786437988, 6225.35009766, 810.36340332, 6225.76171875, 1422.93920898
76, 38, 4055.90063477, -983.202392578, 3986.27734375, -1463.1887207, 1580.14648438
76, 34, -33.9918022156, 7933.72412109, -151.488739014, 8317.68359375, 1472.29821777
76, 45, -1523.90478516, 3815.08398438, -1552.86730957, 3814.54760742, 1163.30004883
77, 47, -72.0698547363, 8125.55078125, -601.565551758, 8923.28417969, 1484.1887207
77, 27, 896.799316406, 6534.38769531, 825.771972656, 6534.32958984, 1434.01672363
77, 38, 4160.86865234, -878.934631348, 4079.62255859, -927.99621582, 1522.53588867
78, 48, -651.096069336, 9135.52539063, -645.495544434, 8938.28710938, 1427.98730469
78, 34, 6.51737880707, 7937.64697266, -32.2338066101, 8126.78369141, 1453.17956543
78, 49, 905.357727051, 6702.16113281, 876.707092285, 6866.31689453, 1504.54125977
78, 38, 4096.93017578, -979.720275879, 4039.30053711, -878.631591797, 1475.18591309
78, 50, -2837.1171875, 12989.2666016, -2784.73413086, 12978.2128906, 938.776794434
79, 34, 165.819442749, 8712.50488281, 7.9048781395, 8711.52636719, 1403.8380127
79, 49, 1077.28845215, 7203.67089844, 930.578369141, 7207.62597656, 1560.69934082
79, 51, -981.16796875, 10039.6640625, -969.997253418, 9803.26074219, 1626.49902344
79, 38, 4130.46875, -611.425537109, 4170.14404297, -614.280700684, 1695.25378418
80, 51, -949.062805176, 9362.85839844, -1293.25219727, 9580.99609375, 1609.38330078
80, 49, 1125.69848633, 7378.62744141, 939.600585938, 7375.54589844, 1481.02807617
80, 34, 124.536422729, 8519.11425781, 7.15536642075, 8710.06933594, 1489.29980469
80, 52, 4016.29785156, -152.515701294, 3972.66357422, -155.525878906, 1584.78955078
80, 50, -2800.22802734, 10512.3349609, -2682.18530273, 10273.6777344, 1587.65332031
81, 51, -1133.42480469, 10503.8701172, -1382.31994629, 10273.5996094, 1277.99731445
81, 34, 168.12828064, 8927.828125, 7.14217376709, 8931.67089844, 1346.82141113
81, 49, 1149.67626953, 7742.62548828, 959.921020508, 7743.71435547, 1402.36169434
81, 52, 3958.40722656, 284.690338135, 3997.8215332, -30.9450778961, 1490.94213867
82, 49, 1223.17895508, 8321.31347656, 1106.10595703, 8313.61425781, 1375.54260254
82, 34, 87.6652755737, 9141.62792969, 6.23493862152, 9147.4140625, 1317.07727051
82, 52, 3891.27856445, 284.691833496, 4021.9296875, 91.6318740845, 1512.93237305
82, 55, -1443.0189209, 10519.7773438, -1444.42565918, 10513.9296875, 1533.53198242
83, 49, 1234.68859863, 8512.78808594, 1145.19433594, 8317.79492188, 1425.68835449
83, 34, 171.994003296, 9361.95703125, 8.06465625763, 9362.7421875, 1356.04406738
83, 55, -1487.36425781, 10509.4921875, -1513.80664063, 10278.7529297, 1779.48400879
84, 49, 1249.02258301, 8718.04199219, 1129.44958496, 8711.77734375, 1382.46704102
84, 34, 267.080932617, 10263.3720703, 50.5206451416, 10040.9121094, 1393.15808105
85, 49, 1262.08679199, 8922.01855469, 1169.86523438, 8729.54589844, 1343.78295898
85, 34, 307.606079102, 10270.5703125, 51.5711898804, 10268.2275391, 1448.52539063
85, 54, -2026.98083496, 12684.2832031, -2028.12268066, 13287.9628906, 1526.17285156
85, 57, -1617.60522461, 3594.36352539, -1499.86694336, 3594.29101563, 1835.77148438
86, 49, 1291.42785645, 9362.22265625, 1249.68554688, 9362.16601563, 1319.05444336
86, 34, 311.896087646, 10527.3525391, 181.75718689, 10526.2363281, 1453.88330078
86, 54, -2004.98791504, 12978.7675781, -2001.23339844, 12970.6484375, 1540.1574707
87, 49, 1305.17077637, 9582.56445313, 1263.2734375, 9581.421875, 1443.9354248
87, 34, 316.019012451, 10773.75, 271.930511475, 10776.1347656, 1338.27453613
87, 58, -1978.46142578, 12692.9199219, -1976.06506348, 12680.9277344, 1435.65014648
88, 34, 319.625946045, 11026.2255859, 231.406509399, 11022.8476563, 1401.88781738
88, 49, 1350.89794922, 10267.8154297, 1348.16174316, 10267.0839844, 1307.88366699
88, 54, -2000.57702637, 12976.1445313, -1954.46569824, 12965.6210938, 1440.16723633
89, 59, 1381.59069824, 10756.8505859, 1367.86853027, 10526.1289063, 1181.47924805
89, 34, 327.70010376, 11546.8720703, 232.102355957, 11029.2138672, 1326.18225098
89, 54, -1955.37280273, 12969.96875, -1930.94250488, 12692.3359375, 1566.45385742
90, 54, -1982.12841797, 13285.9414063, -1955.67736816, 12987.2421875, 1538.5760498
90, 34, 347.866546631, 12985.0664063, 153.146270752, 12677.4287109, 1217.96105957
91, 63, 1337.86584473, 10776.5556641, 1383.34191895, 10770.3203125, 1387.99853516
91, 34, 296.323059082, 12666.5556641, 54.8609924316, 12382.1640625, 1313.46118164
92, 68, -1981.39038086, 13288.4462891, -2001.13378906, 12993.2636719, 1561.71484375
93, 68, -2006.15942383, 13618.1816406, -2007.73364258, 13612.0351563, 1558.39160156
93, 34, 103.642707825, 12692.4013672, 54.60364151, 12686.6025391, 1264.06713867
94, 75, -1740.62585449, 15701.3193359, -1797.0168457, 15701.3642578, 1418.21984863
94, 76, 2451.44628906, 3594.62768555, 2411.15966797, 3704.375, 1541.5814209
94, 34, 11.0393161774, 12982.0898438, 9.91098690033, 12976.4423828, 1233.20495605
95, 76, 2550.23413086, 3819.71337891, 2400.99316406, 3818.01733398, 1581.93212891
95, 75, -1415.15844727, 15727.8447266, -1469.97521973, 15721.1142578, 1380.70007324
95, 34, 11.9294719696, 13287.5947266, 7.53135633469, 12995.5283203, 1195.12268066
95, 81, -1717.3651123, 3934.60717773, -1536.25488281, 3931.33447266, 2001.73803711
96, 76, 2383.09643555, 3706.43115234, 1967.00805664, 4168.48632813, 1589.45361328
96, 70, 1525.80554199, 12976.9873047, 1525.76867676, 12976.6962891, 1189.04199219
96, 34, 59.731590271, 13305.2666016, 10.853061676, 13302.8759766, 1162.47900391
96, 75, -1400.38049316, 16493.4941406, -1381.95214844, 16118.0166016, 1063.35742188
97, 76, 2391.38061523, 3934.64575195, 1952.82165527, 4289.89160156, 1538.15686035
97, 87, -1417.65197754, 16902.6621094, -1416.91931152, 16913.6757813, 1290.31799316
97, 88, -2296.25244141, 12992.828125, -2294.88891602, 12982.3886719, 1563.66394043
97, 34, 10.2224111557, 13942.9404297, 8.81395244598, 13619.3027344, 1162.47900391
98, 76, 2243.37182617, 4794.296875, 1955.13562012, 4293.40283203, 1621.04248047
98, 93, -1366.35778809, 16909.4921875, -1347.5559082, 16508.2285156, 1254.53894043
98, 70, 1547.8885498, 13301.8339844, 1547.17199707, 13291.6425781, 1150.31750488
98, 94, 9.23360347748, 14271.1357422, 8.58655548096, 13943.78125, 1164.05187988
98, 88, -2257.4699707, 12094.0146484, -2334.49243164, 12385.1503906, 1366.06469727
99, 93, -1308.48864746, 18222.5566406, -1403.11584473, 17777.7753906, 1291.68859863
99, 76, 1971.61047363, 4666.51025391, 1875.51831055, 4922.31982422, 1441.59619141
99, 88, -2347.50317383, 12993.6689453, -2345.1105957, 12985.1152344, 1560.02539063
99, 94, 7.83250665665, 15358.765625, 9.2435503006, 15344.6728516, 927.663085938
99, 97, 1677.75402832, 15329.1191406, 1679.57080078, 15328.9277344, 681.19140625
100, 76, 1810.58764648, 4926.55175781, 1971.54748535, 4923.50878906, 1589.2220459
100, 98, -1025.07421875, 18665.8613281, -1028.04833984, 18666.1699219, 1272.10241699
100, 94, -49.0408439636, 16489.3886719, -44.5672454834, 17333.7148438, 701.535400391
101, 99, -965.851318359, 18663.1914063, -952.70703125, 18214.2363281, 1563.48339844
101, 76, 1823.64941406, 5617.41650391, 1608.12976074, 5474.84228516, 1630.48156738
101, 101, -48.5031661987, 15720.1386719, -46.1797599792, 15720.7617188, 902.77722168
101, 97, 1317.84020996, 15700.9414063, 1301.22973633, 15350.3251953, 978.603271484
102, 76, 1807.61938477, 5474.48339844, 1390.10046387, 6066.35058594, 1549.19433594
102, 100, -2092.92358398, 14617.1064453, -2090.50561523, 14610.3515625, 1494.96484375
102, 103, -965.892578125, 18697.6679688, -967.975769043, 18704.4414063, 1547.57702637
103, 76, 1738.89562988, 5763.15917969, 1390.8034668, 6058.95458984, 1527.26293945
103, 107, -397.740539551, 17328, -449.460540771, 16909.2988281, 1341.81872559
103, 108, -2060.04467773, 14273.671875, -2085.859375, 14609.4892578, 1581.53979492
104, 76, 1438.36047363, 6220.88964844, 1391.51342773, 6072.03955078, 1531.15942383
105, 112, 1382.24389648, 6379.42675781, 1369.16955566, 6222.52539063, 1366.3269043
106, 76, 1411.25671387, 7213.50244141, 1373.36779785, 7200.55078125, 1361.89074707
106, 119, -50.4309425354, 17340.1738281, -50.2531356812, 16917.03125, 1397.90637207
107, 118, -1285.70959473, 15342.2675781, -1609.33422852, 15318.8544922, 1449.11437988
107, 119, -45.4833564758, 16122.3056641, -49.3762741089, 16511.1210938, 1412.109375
107, 76, 1153.16223145, 7213.05566406, 1191.15576172, 7203.17285156, 1544.32568359
108, 76, 1337.9822998, 7212.18164063, 921.74395752, 7747.49560547, 1523.30651855
108, 124, -1343.68395996, 15349.5996094, -1230.21520996, 15340.8339844, 1423.05371094
109, 119, 4.86600971222, 18668.8085938, 4.2388010025, 18217.3769531, 1382.75549316
109, 76, 1187.2779541, 7748.68554688, 951.041931152, 7569.76904297, 1552.78161621
110, 130, -921.843933105, 15726.4384766, -920.653503418, 15719.1591797, 1493.83129883
110, 76, 1094.71166992, 8126.99316406, 1006.44580078, 7933.91308594, 1527.41247559
110, 119, -48.4515037537, 18674.9101563, -48.2031974792, 18673.984375, 1382.75549316
112, 138, -657.811950684, 16117.5957031, -712.249145508, 16096.4345703, 1307.52539063
114, 146, 939.128112793, 8931.49707031, 938.07824707, 8932.69140625, 1995.41638184
115, 146, 948.978942871, 9136.63574219, 938.256958008, 8942.38378906, 1606.98840332
115, 149, -469.741790771, 18217.7714844, -466.486999512, 18214.7832031, 1490.15710449
116, 146, 981.967956543, 9801.20605469, 978.944458008, 9804.19628906, 1623.77233887
117, 151, 1001.29656982, 10273.2978516, 1002.0958252, 10271.7304688, 1645.22229004
117, 149, -115.604385376, 18678.1738281, -54.3306770325, 18681.578125, 1175.41333008
118, 149, -172.644119263, 18210.75, -51.870803833, 18219.1074219, 1617.19885254
118, 151, 972.152587891, 10516.3330078, 1012.50360107, 10509.1445313, 1749.46484375
119, 152, -48.873790741, 18214.0683594, -111.093673706, 18200.2402344, 1676.59228516
120, 157, 4.90672445297, 19144.7675781, 4.32144165039, 19136.8652344, 1574.75476074
121, 152, 5.73444080353, 19166.7109375, 5.39872074127, 19163.046875, 1505.8059082
121, 154, 782.060852051, 11281.5888672, 729.166870117, 11031.0820313, 1808.92797852
122, 152, -48.5961837769, 19155.5429688, 5.49289655685, 19148.0878906, 1540.82348633
123, 164, -48.6325454712, 19200.5039063, -47.1568069458, 19192.5058594, 1462.27868652
124, 160, 771.498474121, 12389.1699219, 771.432006836, 12386.4355469, 1763.8458252
124, 152, -49.601524353, 19672.2285156, -48.1427536011, 19676.7402344, 1469.65209961
125, 160, 788.384765625, 12973.1572266, 787.82989502, 12968.0761719, 1560.1776123
126, 160, 789.451782227, 12992.9814453, 789.088012695, 12989.3408203, 1533.0020752
127, 168, 798.7265625, 13293.5771484, 789.375671387, 13003.5693359, 1651.30957031
130, 173, 774.396179199, 13943.5742188, 773.699829102, 13938.6806641, 1300.15148926
131, 174, 794.04473877, 14622.0097656, 803.422058105, 14965.4589844, 1956.55322266
132, 176, -1726.9152832, 10275.3642578, -1746.78259277, 10505.0351563, 1252.26037598
132, 179, 817.168334961, 15329.2910156, 815.982910156, 15330.1376953, 1045.82897949
133, 180, -1441.10168457, 10502.0683594, -1442.51367188, 10501.2041016, 1210.27587891
133, 174, 830.083129883, 15704.5820313, 825.298278809, 15703.4609375, 1853.65344238
134, 181, -1396.86096191, 10507.2871094, -1395.7565918, 10513.5087891, 1381.33703613
135, 181, -1279.89172363, 10036.1533203, -991.670532227, 10271.9589844, 1421.171875
136, 181, -884.066162109, 9801.33007813, -980.642822266, 10038.1201172, 1443.74951172
137, 186, -706.197509766, 9573.92675781, -707.579467773, 9577.60644531, 1318.0032959
137, 187, 829.831298828, 15739.8730469, 831.147521973, 15731.5810547, 1821.78356934
138, 173, 896.99407959, 17756.3046875, 946.998291016, 17757.9042969, 1307.5222168
139, 181, -361.66619873, 8928.91113281, -360.756164551, 8932.9453125, 1333.27416992
140, 195, -356.264587402, 8723.22460938, -75.0279159546, 8726.16113281, 1357.46923828
141, 195, -274.628326416, 8724.47167969, 7.69935131073, 8708.57617188, 1431.16638184
143, 195, 284.01663208, 8710.80371094, 244.106140137, 8520.078125, 1445.36462402
144, 200, 282.640258789, 8314.00585938, 285.807800293, 8509.17871094, 1475.04223633
145, 200, 348.136779785, 7749.81835938, 543.358764648, 7934.87744141, 1436.45581055
146, 200, 345.210906982, 7560.1015625, 604.938476563, 7386.49462891, 1344.88928223
147, 200, 566.682434082, 7388.77197266, 640.981750488, 7381.27978516, 1274.50671387
148, 200, 664.576660156, 7035.18701172, 708.524291992, 7199.31445313, 1389.43261719
148, 202, 832.559631348, 22392.4980469, 819.306518555, 21824.9277344, 1318.36645508
149, 200, 811.270141602, 7034.43310547, 819.309265137, 7203.15429688, 1374.48291016
149, 202, 900.489440918, 22405.7109375, 847.32244873, 22999.1582031, 1274.64086914
150, 200, 839.413024902, 6867.67822266, 885.001647949, 7031.38134766, 1374.8380127
151, 200, 851.087585449, 6375.16162109, 1182.31445313, 6073.32861328, 1383.76672363
152, 200, 1082.92626953, 6694.85107422, 1193.42895508, 6218.01269531, 1384.82617188
153, 200, 1319.52587891, 6064.63525391, 1286.27478027, 6065.95703125, 1377.10058594
154, 200, 1355.85693359, 6058.06201172, 1411.92480469, 5917.19628906, 1230.47058105
155, 200, 1548.80249023, 5906.27441406, 1616.71533203, 5914.97119141, 1294.95678711
156, 200, 2053.65795898, 5061.03759766, 1604.09082031, 5760.79101563, 1303.75231934
157, 200, 1874.16394043, 5758.90527344, 2038.93383789, 5195.76025391, 1305.97595215
158, 200, 1956.69018555, 5061.97705078, 2052.84521484, 5059.03710938, 1300.56835938
159, 200, 2382.9777832, 4662.60205078, 2068.00610352, 4925.64160156, 1372.66320801
160, 200, 2341.00512695, 4795.57666016, 2455.97509766, 4924.62207031, 1376.16760254
161, 200, 2438.26953125, 4413.71044922, 2468.17822266, 4412.02636719, 1416.41394043
162, 205, 2478.37768555, 4293.07275391, 2469.77050781, 4411.73925781, 1077.0447998
176, 207, 4211.45556641, 976.23815918, 4234.54980469, 978.121032715, 1305.85778809
177, 207, 4096.13183594, 1198.96716309, 4347.14013672, 828.194519043, 1299.74414063
181, 209, 4371.49316406, -30.489276886, 4606.47949219, -94.358833313, 1212.11401367
184, 209, 4778.12011719, -331.341308594, 4994.20117188, -499.495239258, 628.686950684
195, 225, -49.9746704102, 18698.1367188, -49.7059555054, 18686.1660156, 1149.45703125
196, 227, -47.3037605286, 19140.4882813, 4.59844493866, 18687.9179688, 995.966064453
205, 233, 533.488098145, 21255.3828125, 527.307006836, 20707.4609375, 970.403930664
214, 234, 1077.23742676, 23641.1132813, 1077.80200195, 23639.5058594, 1771.62756348
253, 238, 590.256530762, -5527.29931641, 411.371856689, -5527.17919922, 1026.32446289
254, 238, 580.001647949, -5527.16552734, 432.899169922, -5396.18017578, 1232.69506836
255, 238, 599.198242188, -5259.77539063, 434.292236328, -5382.09033203, 1301.87365723
256, 238, 575.713684082, -4838.49023438, 443.174041748, -5275.95263672, 1400.19799805
257, 238, 584.659240723, -4747.48193359, 475.566955566, -4892.96435547, 1363.43774414
258, 238, 586.550231934, -4728.59326172, 498.728210449, -4451.30371094, 1352.48632813
259, 238, 599.940795898, -4592.61865234, 440.476776123, -4192.06933594, 1424.26928711
260, 238, 624.403686523, -4077.63232422, 432.300201416, -4124.27832031, 1323.48852539
261, 238, 574.422790527, -3521.27978516, 433.702758789, -4100.63378906, 1411.88342285
262, 238, 547.236206055, -3493.53833008, 443.394683838, -3734.4699707, 1442.37072754
263, 238, 522.156311035, -3438.90478516, 462.401519775, -3206.77490234, 1366.92456055
264, 238, 509.552276611, -3408.83764648, 400.564605713, -2924.2512207, 1361.84411621
265, 238, 575.328796387, -2925.50512695, 404.475585938, -2860.48999023, 1375.56103516
266, 238, 549.878295898, -2371.44677734, 405.9559021, -2827.58422852, 1401.33605957
267, 238, 560.917053223, -2181.64672852, 396.705078125, -2691.5090332, 1400.79748535
268, 238, 566.206787109, -2104.18847656, 447.357849121, -2021.90881348, 1363.76818848
269, 238, 569.187683105, -2062.69165039, 455.761444092, -1509.14904785, 1387.56030273
270, 238, 588.882507324, -1774.13708496, 472.561401367, -1554.5324707, 1395.1854248
270, 239, 4981.35205078, 2860.25561523, 4811.66552734, 2855.47070313, 1158.54956055
271, 238, 618.21307373, -1322.17773438, 476.716278076, -1463.13928223, 1416.29870605
272, 238, 621.024169922, -982.143676758, 463.294769287, -1371.31518555, 1397.85620117
273, 238, 611.55670166, -827.015441895, 484.358825684, -929.142578125, 1351.00390625
274, 238, 637.623413086, -720.525390625, 480.262512207, -154.956542969, 1398.98168945
275, 238, 648.294494629, -556.01751709, 500.933532715, -150.859069824, 1376.21801758
276, 238, 668.810852051, 91.1162948608, 504.501495361, -94.7281494141, 1402.0423584
277, 238, 609.793395996, 219.429794312, 509.936645508, 28.9233379364, 1386.54345703
278, 238, 697.278991699, 550.153503418, 528.765686035, 413.812286377, 1376.92004395
279, 238, 667.696960449, 828.706848145, 553.08190918, 905.779541016, 1404.72973633
280, 238, 692.038024902, 829.234985352, 557.030395508, 978.471313477, 1406.24365234
281, 238, 782.000732422, 1514.05932617, 575.721374512, 1353.56677246, 1396.55102539
281, 241, 2574.76269531, 5061.86083984, 2521.12744141, 4934.23486328, 1369.66882324
282, 238, 798.978088379, 1760.74963379, 575.653076172, 1355.34033203, 1428.10253906
283, 245, 1960.34777832, 5620.83691406, 2377.25390625, 5476.82421875, 1355.14123535
283, 238, 779.004699707, 1845.13671875, 582.663574219, 1517.61486816, 1401.57116699
284, 248, 1926.21960449, 5918.59960938, 1770.53234863, 6062.15527344, 1344.83630371
284, 238, 801.553710938, 2195.05639648, 642.831726074, 2193.91650391, 1357.69934082
284, 249, -618.633239746, 23043.4238281, -618.537719727, 23045.6757813, 1838.23730469
285, 238, 826.605163574, 2196.15600586, 669.487060547, 2196.19873047, 1382.38476563
285, 248, 1909.93261719, 6058.15283203, 1612.00024414, 6220.48242188, 1342.82116699
285, 251, -617.991943359, 22995.8828125, -621.170715332, 23000.6054688, 2412.57006836
286, 238, 871.743041992, 2860.25097656, 693.009765625, 2661.35229492, 1406.49279785
286, 248, 1459.5369873, 6067.61425781, 1631.62878418, 6071.60449219, 1386.82397461
287, 238, 911.299255371, 3057.3449707, 698.897644043, 2760.85546875, 1457.63793945
288, 238, 883.764404297, 3061.2043457, 707.819885254, 2955.78027344, 1422.14819336
289, 238, 918.91027832, 3592.62353516, 835.987060547, 3703.85498047, 1455.46911621
290, 238, 912.044799805, 3485.72363281, 754.162536621, 3813.5144043, 1378.82641602
290, 266, -549.449401855, 19177.3417969, -552.010681152, 19172.6347656, 2070.15698242
291, 238, 969.489562988, 3936.19116211, 908.981933594, 3932.77587891, 1255.4185791
291, 270, -1664.5267334, 8517.27050781, -1662.01904297, 8513.69824219, 1666.48144531
292, 275, 629.691772461, 8121.83447266, 629.442687988, 8122.45214844, 1475.29797363
292, 238, 956.678894043, 4168.02734375, 857.210449219, 4050.66259766, 1397.55114746
292, 270, -1570.04492188, 7033.25634766, -1520.11413574, 6865.99804688, 1760.18103027
293, 238, 962.560119629, 4292.09082031, 839.758239746, 4292.10351563, 1426.30737305
293, 275, 556.588317871, 8314.14941406, 588.261413574, 8126.30859375, 1450.53564453
293, 270, -1792.54260254, 10522.2636719, -1794.85424805, 10520.296875, 1198.44104004
294, 275, 333.35244751, 8924.16894531, 331.570098877, 8918.69335938, 1371.20690918
294, 238, 1004.12316895, 4927.40185547, 875.613769531, 4928.39794922, 1341.5378418
295, 282, -1416.09692383, 8929.39453125, -1455.74902344, 8925.82714844, 1414.78881836
295, 284, 290.667236328, 8932.00488281, 87.3659362793, 8927.88085938, 1346.82141113
295, 238, 1004.47393799, 4932.34619141, 844.175231934, 4934.33789063, 1322.14221191
296, 282, -1520.51977539, 8725.0859375, -1374.09741211, 8921.49023438, 1465.71289063
296, 284, 209.842269897, 9146.0625, -317.427520752, 8938.953125, 1342.1151123
296, 238, 1030.76269531, 5332.12353516, 898.190551758, 5332.72021484, 1335.36352539
297, 284, -201.846115112, 9354.65136719, -280.950836182, 9137.28808594, 1589.08215332
297, 282, -1503.9440918, 8520.84960938, -1359.43017578, 8720.98144531, 1494.76159668
297, 238, 1067.85583496, 5915.76220703, 897.296691895, 5906.03173828, 1345.39440918
298, 284, -368.466522217, 9358.94140625, -369.627807617, 9354.61914063, 1567.19140625
298, 282, -1425.59155273, 8520.39550781, -1320.15344238, 8712.0390625, 1473.15063477
298, 238, 1034.82019043, 5910.81347656, 863.016967773, 5907.95507813, 1383.76660156
299, 282, -1346.30749512, 8520.00195313, -1266.66687012, 8521.92480469, 1473.15063477
299, 285, -730.085388184, 10267.7597656, -724.628295898, 10033.6064453, 1730.74145508
299, 238, 1053.11755371, 6216.32861328, 906.479919434, 6070.71337891, 1383.76672363
300, 282, -1381.11816406, 7931.20166016, -1240.09020996, 8126.96875, 1480.27929688
300, 238, 1053.07617188, 6220.65283203, 886.318847656, 6374.79150391, 1363.07751465
301, 282, -1191.19812012, 7386.91259766, -1116.07385254, 7383.71972656, 1504.30895996
301, 238, 1037.19885254, 6537.77392578, 859.094726563, 6535.26953125, 1341.71496582
301, 287, -963.556030273, 18678.7441406, -965.088867188, 18682.0214844, 1092.63366699
302, 282, -1142.46337891, 7213.67871094, -1067.82043457, 7209, 1567.04077148
302, 238, 1078.18762207, 7200.84375, 892.971313477, 7201.25976563, 1308.48449707
302, 288, -966.234375, 18698.5820313, -965.061584473, 18704.21875, 1072.94787598
303, 238, 976.28326416, 7375.86914063, 902.242675781, 7377.30859375, 1263.28039551
303, 282, -1177.60327148, 7204.66650391, -1141.96435547, 7205.28369141, 1604.36767578
304, 238, 948.880432129, 7564.63525391, 911.061706543, 7561.54345703, 1251.95458984
304, 282, -1119.07495117, 6868.00097656, -1011.32971191, 6867.27539063, 1451.74890137
304, 291, -963.160400391, 18655.1132813, -962.097229004, 18666.2421875, 1296.46362305
305, 238, 959.874267578, 7746.44384766, 893.135009766, 7932.61230469, 1397.60217285
305, 282, -1083.71948242, 6867.72753906, -912.906616211, 7035.10839844, 1450.99902344
306, 238, 940.821655273, 8123.12744141, 898.880981445, 8120.60693359, 1338.7791748
306, 282, -1043.6282959, 6220.89111328, -869.606628418, 6221.06298828, 1425.23876953
307, 238, 957.245056152, 8513.55566406, 907.843566895, 8317.32324219, 1388.17089844
307, 282, -1033.6463623, 6068.46337891, -862.735595703, 6064.89550781, 1392.18664551
307, 297, -876.224060059, 17761.109375, -876.540771484, 17762.3867188, 1089.30395508
308, 238, 929.556091309, 8717.57617188, 927.061157227, 8708.54296875, 1341.50830078
308, 282, -1068.18725586, 6067.6640625, -894.79309082, 6061.56054688, 1429.92553711
308, 297, -781.543029785, 16498.8105469, -837.731994629, 16501.8457031, 1217.06872559
309, 238, 928.985839844, 8728.94726563, 926.921630859, 8719.67089844, 1326.27038574
309, 282, -1024.11340332, 5907.85107422, -887.184326172, 5906.61425781, 1491.41625977
310, 238, 939.100952148, 8934.76074219, 897.782714844, 8927.50976563, 1342.75537109
310, 282, -996.608093262, 5475.89453125, -863.462097168, 5475.18066406, 1497.37121582
310, 297, -757.781921387, 15715.7041016, -812.225341797, 15716.4228516, 1382.6541748
311, 282, -947.18371582, 5195.93554688, -815.54083252, 5197.15966797, 1497.60083008
311, 238, 948.112731934, 9143.42675781, 907.822998047, 9141.64746094, 1317.99951172
311, 304, -812.145690918, 15705.4423828, -757.93536377, 15706.6445313, 1382.6541748
312, 238, 970.233764648, 9579.09277344, 926.99786377, 9578.63769531, 1317.90026855
312, 282, -930.502380371, 4925.66552734, -802.199523926, 4925.35449219, 1440.65515137
313, 282, -923.170654297, 4798.83398438, -796.26361084, 4796.03173828, 1435.41027832
313, 309, -789.191223145, 14971.0615234, -532.623474121, 15329.0371094, 1483.92480469
313, 238, 938.296386719, 9807.74414063, 992.064453125, 10033.0185547, 1292.51196289
314, 282, -986.047485352, 4790.45117188, -796.098815918, 4789.90625, 1445.46325684
314, 238, 1013.43084717, 10503.5585938, 960.040710449, 10270.2148438, 1280.42468262
314, 309, -747.175720215, 15330.8876953, -534.07989502, 15339.5117188, 1198.22277832
315, 282, -976.845153809, 4172.07568359, -770.402648926, 4293.03027344, 1460.7376709
315, 310, 1027.11914063, 10757.1220703, 1028.63842773, 10753.5302734, 1151.81799316
315, 309, -789.415222168, 14977.5996094, -586.211120605, 15328.6083984, 1392.09216309
316, 282, -931.98034668, 3930.70849609, -752.529174805, 3939.68823242, 1483.94787598
316, 309, -778.852294922, 14611.2998047, -576.14831543, 14961.28125, 1305.89404297
316, 310, 1030.10229492, 10776.7138672, 1030.8951416, 10767.4833984, 1116.9276123
317, 282, -923.692138672, 3819.47729492, -750.206542969, 3933.15307617, 1536.57104492
317, 309, -767.219238281, 14278.4277344, -524.403991699, 14959.6904297, 1236.77990723
317, 310, 1054.29870605, 11284.2900391, 1055.78649902, 11279.2265625, 1129.78491211
318, 309, -807.484436035, 13937.4355469, -504.21987915, 13942.5449219, 1365.15637207
318, 282, -915.989074707, 3702.90307617, -737.943786621, 3707.35009766, 1468.64257813
318, 312, 1107.0177002, 12379.8222656, 1108.52929688, 12376.2128906, 1099.64294434
319, 282, -895.441711426, 3373.72973633, -678.300537109, 3062.28076172, 1463.11975098
319, 314, 1062.53283691, 11542.5058594, 1052.11169434, 11284.9873047, 1129.64709473
319, 309, -729.219116211, 12987.7363281, -532.279541016, 12997.4648438, 1252.79064941
320, 282, -825.662475586, 3164.25537109, -704.534667969, 3056.3203125, 1450.63000488
320, 309, -776.755432129, 12972.9033203, -630.159118652, 12977.0615234, 1330.76904297
320, 314, 1103.8203125, 12379.0810547, 1090.94445801, 12102.0791016, 1232.24035645
321, 282, -717.316711426, 2758.26220703, -695.914428711, 2860.03198242, 1480.10131836
321, 309, -814.474853516, 12680.9423828, -717.250061035, 12685.3818359, 1412.65490723
321, 316, 1072.79553223, 12684.5419922, 1071.17138672, 12683.1005859, 923.561401367
322, 309, -813.23248291, 12668.3740234, -670.602416992, 12680.9345703, 1395.36730957
322, 282, -696.752380371, 2381.27001953, -679.565124512, 2567.45727539, 1468.04052734
322, 318, 975.099304199, 12685.2695313, 878.106506348, 12681.3398438, 1172.5234375
323, 309, -803.390441895, 12375.8417969, -661.465576172, 12385.4970703, 1423.67211914
323, 282, -696.810424805, 2380.4777832, -615.520751953, 2378.26879883, 1442.81640625
323, 318, 939.15826416, 12989.5683594, 890.2578125, 12985.4052734, 1133.97839355
324, 309, -748.549926758, 12100.6298828, -614.012634277, 12382.5048828, 1457.1328125
324, 282, -691.725891113, 2285.1706543, -602.323303223, 2107.07763672, 1433.01977539
324, 318, 840.16796875, 12973.4082031, 793.344238281, 12973.3291016, 1187.20800781
325, 309, -737.562683105, 11811.5839844, -552.717773438, 11814.2060547, 1483.28796387
325, 282, -648.16595459, 1933.04260254, -528.925292969, 1598.62512207, 1456.01757813
326, 282, -650.191894531, 1513.24121094, -574.748962402, 1516.70690918, 1504.05883789
326, 309, -711.983520508, 11024.0439453, -578.860595703, 11029.1904297, 1422.48327637
326, 322, 810.086181641, 13617.4814453, 810.769592285, 13603.6523438, 807.495849609
327, 282, -577.909729004, 1050.26965332, -591.236022949, 1355.79528809, 1499.66967773
327, 309, -714.517944336, 11022.9970703, -578.639343262, 11026.4560547, 1491.81518555
327, 323, 823.187194824, 13938.9619141, 824.257080078, 13937.9980469, 807.495849609
328, 282, -574.248046875, 974.369384766, -521.52142334, 1436.07324219, 1471.1907959
328, 309, -703.505615234, 10773.3125, -570.920410156, 10772.1630859, 1445.61181641
329, 282, -569.799865723, 904.903381348, -373.396209717, 758.864440918, 1465.72155762
329, 309, -609.054382324, 10525.9667969, -476.478668213, 10526.2011719, 1429.05371094
330, 282, -570.043823242, 899.872619629, -360.752044678, 349.337921143, 1504.02746582
330, 309, -607.729614258, 10519.8017578, -431.998260498, 10524.4736328, 1454.87805176
331, 282, -523.471435547, 418.9168396, -360.477508545, 345.398925781, 1472.24145508
331, 309, -643.239807129, 10276.7607422, -432.099609375, 10507.4013672, 1463.60192871
332, 282, -476.287322998, -92.3065185547, -356.863464355, 217.586074829, 1441.203125
332, 309, -635.618469238, 10033.5458984, -421.939117432, 10030.6298828, 1516.75683594
333, 282, -374.339050293, -499.488800049, -346.744049072, -92.1067581177, 1487.84228516
333, 309, -574.080322266, 9360.66601563, -373.252441406, 9577.72167969, 1563.03344727
334, 282, -376.090332031, -445.117767334, -296.733032227, -271.22253418, 1468.55004883
334, 309, -602.674133301, 8940.50878906, -399.992645264, 8940.39160156, 1442.7623291
335, 282, -372.024169922, -554.33404541, -199.188812256, -877.163635254, 1434.26000977
335, 309, -608.597229004, 9137.38183594, -364.558502197, 9142.85839844, 1403.76867676
336, 282, -370.571289063, -610.192993164, -196.365249634, -1034.12268066, 1478.07055664
336, 309, -516.428100586, 8721.09277344, -356.546508789, 8724.36230469, 1501.27880859
337, 309, -555.858642578, 8714.45703125, -432.114776611, 8516.41210938, 1505.4543457
337, 282, -354.638366699, -1030.04968262, -232.893341064, -1130.4576416, 1422.265625
338, 309, -622.727233887, 8321.06542969, -427.697631836, 8314.83691406, 1490.59436035
338, 282, -314.259338379, -1643.01721191, -247.529418945, -1324.33349609, 1470.35144043
339, 309, -625.147033691, 8317.96972656, -456.620880127, 7935.79638672, 1511.97900391
339, 282, -284.886291504, -1941.29626465, -246.439453125, -1370.0592041, 1455.16625977
340, 309, -680.764343262, 7748.42285156, -485.719268799, 7568.73339844, 1476.41809082
340, 282, -289.164794922, -1816.70898438, -144.074478149, -1774.08288574, 1407.46142578
341, 309, -673.122253418, 7559.70947266, -447.249725342, 7566.58398438, 1502.28137207
341, 282, -285.010284424, -1940.27246094, -132.160949707, -2444.16625977, 1448.86291504
342, 282, -281.585388184, -2062.42944336, -114.076950073, -2587.85766602, 1452.09814453
342, 309, -630.752624512, 7377.26171875, -550.187316895, 7212.04101563, 1563.95544434
343, 282, -229.417175293, -2622.63574219, -113.165496826, -2621.94384766, 1363.62243652
343, 309, -660.81060791, 7204.18896484, -587.689331055, 7201.30371094, 1532.53027344
344, 282, -151.59777832, -3176.52050781, -112.77355957, -2658.13256836, 1437.68481445
344, 309, -697.928955078, 7200.52441406, -616.550720215, 7034.58447266, 1551.93444824
345, 282, -150.533279419, -3236.33203125, -94.7760009766, -2793.83569336, 1451.81848145
345, 309, -777.82043457, 6535.19824219, -566.356933594, 6536.06689453, 1574.95922852
346, 282, -148.054275513, -3352.69482422, 1.82738089561, -3655.89770508, 1466.00317383
346, 309, -825.313171387, 6068.81054688, -588.091918945, 6224.34033203, 1423.43493652
347, 309, -825.604858398, 6064.16845703, -588.932250977, 6221.63671875, 1444.36193848
347, 282, -147.500411987, -3380.49145508, -12.4857559204, -3860.72338867, 1444.29296875
348, 309, -784.627746582, 5919.24658203, -617.743774414, 6057.78369141, 1487.34179688
348, 282, -142.963516235, -3602.08081055, -12.4992446899, -3861.78295898, 1368.85205078
349, 309, -789.513671875, 5334.78466797, -684.452453613, 5199.55615234, 1496.88903809
349, 282, -88.5153045654, -4389.25537109, -39.3576507568, -4006.32568359, 1431.90576172
350, 309, -784.353637695, 5195.84716797, -646.036254883, 5063.51416016, 1518.66357422
350, 282, -85.798538208, -4532.80859375, -12.1938610077, -4006.96557617, 1431.96325684
351, 309, -987.407592773, 4797.36035156, -710.252746582, 5058.95751953, 1509.57629395
351, 282, -73.6509552002, -4552.27734375, 87.3886489868, -4690.31835938, 1387.43359375
352, 309, -1017.15234375, 4788.10986328, -678.05090332, 5058.55273438, 1474.26184082
352, 282, -61.083530426, -4553.33349609, 58.667804718, -5082.63134766, 1386.06762695
353, 282, -98.0902938843, -4612.48535156, 13.3382034302, -5149.45507813, 1364.2923584
353, 309, -970.860778809, 4538.06982422, -755.927490234, 4667.60400391, 1493.43249512
354, 309, -901.373474121, 3928.90380859, -780.097351074, 3931.48974609, 1532.92456055
354, 282, -84.8705215454, -5412.25390625, 12.7975521088, -5180.86523438, 1357.0802002
355, 309, -983.206604004, 3819.46875, -768.669616699, 3704.76464844, 1557.07202148
355, 282, -30.0779342651, -5527.18798828, 1.54444277287, -5259.54248047, 1208.47070313
356, 309, -999.833068848, 3595.2668457, -844.12701416, 3484.80688477, 1572.75268555
356, 282, -92.5764389038, -5527.43408203, 85.1976089478, -5527.42626953, 991.204162598
357, 309, -1110.85131836, 3165.59887695, -873.272766113, 3482.00463867, 1532.33789063
358, 309, -1094.08459473, 2958.26098633, -844.446899414, 3482.51196289, 1559.56469727
359, 309, -1030.63366699, 2859.35766602, -897.289367676, 2955.91308594, 1544.6237793
360, 309, -1007.63342285, 2566.18408203, -825.238891602, 2285.52709961, 1571.82995605
361, 309, -1020.74145508, 2380.66308594, -835.117431641, 2018.24707031, 1603.22460938
362, 309, -1051.60595703, 2106.43603516, -841.368041992, 2104.27197266, 1602.58764648
363, 309, -1028.38000488, 1517.95300293, -854.135070801, 1931.67468262, 1565.25500488
363, 333, -550.64630127, 23021.4375, -537.689575195, 22412.2929688, 1846.70544434
364, 309, -990.602355957, 1354.80029297, -812.708312988, 1680.98913574, 1549.84753418
364, 334, 5295.56982422, 3706.66845703, 5262.51904297, 3700.49414063, 1443.83874512
364, 335, -501.072631836, 20163.5761719, -491.537689209, 19674.9980469, 2103.09472656
365, 309, -984.067321777, 1277.61755371, -810.816833496, 1276.53540039, 1548.37878418
366, 309, -988.148620605, 1052.11657715, -788.661010742, 619.70324707, 1531.48608398
367, 309, -982.449951172, 975.491943359, -780.223266602, 484.586364746, 1521.04309082
367, 340, -487.879760742, 19189.3476563, -484.952453613, 19179.140625, 2384.13500977
368, 309, -936.230041504, 417.237823486, -775.075012207, 416.029968262, 1527.33789063
369, 309, -907.858154297, -153.248916626, -815.14263916, 349.680786133, 1582.80102539
370, 309, -924.106689453, -212.778106689, -792.291320801, 346.387390137, 1513.50585938
371, 309, -945.547485352, -212.933044434, -825.978393555, -614.543640137, 1589.9732666
371, 338, -485.281066895, 19139.4277344, -483.758270264, 19142.4003906, 2159.8918457
372, 309, -883.189147949, -445.638885498, -812.7578125, -1032.02294922, 1545.8548584
372, 338, -477.672485352, 18679.1289063, -476.101928711, 18677.5878906, 2189.18066406
373, 309, -1004.27416992, -501.164916992, -812.314025879, -1033.3449707, 1527.58239746
374, 309, -1064.73632813, -1419.99890137, -804.035827637, -1131.89428711, 1583.99951172
374, 338, -472.123687744, 18202.4277344, -469.407836914, 18202.6269531, 2506.13598633
375, 309, -1042.65686035, -1773.47424316, -827.339782715, -1081.42199707, 1544.60339355
375, 346, -452.403198242, 16917.5761719, -457.932861328, 17332.96875, 2225.19189453
375, 347, 2433.19970703, 5195.11914063, 2381.53857422, 5062.015625, 1447.09680176
376, 309, -1037.359375, -1817.18798828, -895.242126465, -1771.54125977, 1470.41271973
376, 347, 2691.64331055, 5765.17773438, 2296.12939453, 4930.66845703, 1544.91882324
376, 346, -526.464416504, 18206.5136719, -472.940460205, 18211.3359375, 2225.27587891
377, 347, 2487.19482422, 5762.2265625, 2283.47900391, 5064.54736328, 1573.96875
377, 309, -1040.21582031, -1940.87243652, -953.279174805, -2369.42749023, 1549.64111328
378, 309, -997.797302246, -2142.25512695, -937.589172363, -2658.3828125, 1536.62487793
378, 347, 2289.64160156, 5335.96484375, 2269.07128906, 5196.57128906, 1506.94775391
378, 350, -497.321899414, 16495.7109375, -495.163482666, 16496.4082031, 1341.7623291
379, 309, -1139.78771973, -2623.63037109, -933.663391113, -2691.44165039, 1480.69750977
379, 347, 1942.96508789, 6067.19921875, 1910.02746582, 6058.58203125, 1415.17773438
379, 351, -494.252990723, 16100.2666016, -491.269195557, 16096.9121094, 1884.74304199
380, 309, -1128.99597168, -3234.87841797, -949.643493652, -2692.29370117, 1555.69628906
380, 347, 1668.07287598, 6068.53076172, 1666.54016113, 6068.34277344, 1389.1105957
380, 351, -500.608398438, 16494.2011719, -492.068634033, 16113.2988281, 1329.79089355
381, 309, -1097.8963623, -3437.41723633, -1026.86401367, -2727.39428711, 1497.40368652
381, 347, 1699.75610352, 6378.26904297, 1393.66259766, 6533.92333984, 1439.28613281
382, 309, -1108.26916504, -3465.88476563, -963.763549805, -3548.31152344, 1506.35583496
382, 347, 1465.28625488, 6534.42871094, 1406.45349121, 6697.11962891, 1611.73522949
382, 353, -850.038208008, 15320.5380859, -798.812194824, 15331.6933594, 1453.16003418
383, 347, 1380.11730957, 6377.10644531, 1405.90441895, 6698.86035156, 1558.83337402
383, 309, -1591.54699707, -3860.62524414, -1003.05957031, -4055.53173828, 1574.33959961
383, 353, -828.959838867, 14620.1601563, -789.334411621, 14961.1494141, 1464.18432617
384, 309, -1265.21655273, -3656.6027832, -1040.82910156, -4236.06396484, 1473.5657959
384, 347, 1425.08032227, 7379.69042969, 1276.54382324, 7379.796875, 1500.35339355
384, 356, -855.723266602, 15336.1962891, -851.376098633, 15329.9345703, 1363.58898926
385, 347, 1462.58349609, 7388.74072266, 1239.73510742, 7388.07275391, 1499.85827637
385, 309, -1234.71862793, -4388.97705078, -1053.07141113, -4237.72021484, 1499.43566895
385, 353, -806.395690918, 13932.5976563, -706.977783203, 13937.7216797, 1518.97680664
386, 309, -1280.37609863, -4874.91015625, -1039.11987305, -4324.74511719, 1530.52648926
386, 347, 1425.30651855, 7386.93701172, 1238.7355957, 7390.46337891, 1504.07885742
386, 360, -846.848815918, 14971.578125, -841.944213867, 14974.6357422, 1129.74023438
387, 309, -1276.3046875, -4892.91210938, -1105.07751465, -4671.109375, 1473.87695313
387, 353, -787.57019043, 13287.4130859, -737.982727051, 13289.0195313, 1579.94848633
387, 354, 1410.41687012, -5527.03710938, 1336.65405273, -5527.12597656, 1347.75488281
387, 347, 1453.59387207, 7743.79150391, 1263.84521484, 7750.86572266, 1518.62792969
387, 361, -59.9971160889, 22986.4375, -58.1735076904, 22986.9140625, 2203.85717773
388, 353, -824.502258301, 12977.4501953, -774.071594238, 12979.0400391, 1514.24133301
388, 358, 169.576919556, -5527.31640625, 22.5934810638, -5527.30224609, 1150.81652832
388, 309, -1279.93261719, -4928.75585938, -1048.10827637, -5382.29248047, 1601.75109863
388, 347, 1483.54858398, 8120.58007813, 1290.79394531, 8124.17333984, 1497.07739258
388, 354, 1399.60266113, -5527.02050781, 1252.51147461, -5351.90722656, 1472.58276367
388, 362, -60.6984443665, 22405.8222656, -57.9543914795, 22986.7382813, 2374.59716797
389, 347, 1569.3972168, 8718.13574219, 1451.47167969, 8715.578125, 1398.4465332
389, 309, -1189.82775879, -5228.27685547, -1070.79711914, -5527.33203125, 1248.71130371
389, 363, -779.84161377, 12978.4921875, -775.303894043, 12978.5712891, 1366.48974609
389, 354, 1403.59240723, -5397.48730469, 1221.07080078, -4998.00390625, 1595.33288574
389, 358, 180.615905762, -5527.19238281, 169.832199097, -5527.21582031, 1355.78503418
390, 353, -769.115112305, 12680.4794922, -719.46484375, 12677.4179688, 1522.78857422
390, 347, 1605.50537109, 9136.31445313, 1603.5690918, 9140.94140625, 1469.90734863
390, 358, 158.77645874, -5527.18261719, -21.6957111359, -5032.85693359, 1469.62304688
390, 357, 716.462768555, -5526.87744141, 469.36505127, -5470, 1428.81164551
390, 354, 1450.14416504, -5099.22167969, 1255.7824707, -4945.93945313, 1485.43737793
391, 347, 1646.92028809, 9136.61816406, 1607.70666504, 9138.5, 1431.46191406
391, 357, 696.768676758, -5275.98388672, 444.661743164, -5260.13769531, 1474.13415527
391, 353, -759.648986816, 12382.4394531, -755.859191895, 12386.5400391, 1439.26794434
391, 358, 83.5377197266, -4963.44775391, -21.984664917, -5015.30761719, 1426.72155762
391, 354, 1311.6036377, -4802.62304688, 1311.50317383, -4857.85302734, 1550.42041016
391, 366, -56.7251663208, 22988.6074219, -58.656627655, 22980.7324219, 1448.28369141
391, 367, -2295.92407227, 1432.83496094, -2195.72802734, 1433.74389648, 1427.76367188
392, 347, 1741.96240234, 10266.0693359, 1700.31958008, 10273.7685547, 1326.99462891
392, 353, -783.310668945, 11814.7158203, -727.59588623, 11549.1845703, 1539.85021973
392, 358, 101.532203674, -4573.00195313, -21.6846885681, -5014.80371094, 1503.7454834
392, 357, 825.537658691, -5082.5625, 636.356506348, -5131.59521484, 1467.77148438
392, 366, -55.5702629089, 20693.3867188, -54.0501098633, 20690.6542969, 1814.11474609
392, 354, 1268.37109375, -4670.94580078, 1312.59118652, -4746.97753906, 1571.77246094
393, 354, 1310.33898926, -4472.03808594, 1288.39331055, -4573.87109375, 1570.16882324
393, 357, 756.307678223, -4911.05175781, 572.985107422, -4857.75488281, 1465.9498291
393, 358, 91.045211792, -4492.30371094, -10.6806535721, -4876.20263672, 1536.63024902
393, 353, -775.424194336, 11540.5244141, -730.862304688, 11541.9492188, 1448.94689941
393, 368, -57.7494888306, 21816.6914063, -57.4001502991, 21817.5917969, 1727.73095703
394, 357, 724.368530273, -4592.62792969, 489.683013916, -4572.29638672, 1424.8614502
394, 358, 117.22000885, -4409.67578125, 14.8820333481, -4259.84179688, 1425.50231934
394, 347, 1805.82165527, 10504.5849609, 1759.6394043, 10508.7011719, 1467.7677002
394, 354, 1373.87780762, -4236.81494141, 1278.06213379, -4054.0390625, 1534.06652832
394, 371, 4.0496931076, 21817.0078125, -53.4195137024, 21248.140625, 1462.27978516
395, 358, 105.087882996, -4410.26806641, -11.8143434525, -3860.11303711, 1522.23193359
395, 354, 1361.51879883, -4236.13378906, 1246.08874512, -3707.88476563, 1584.73815918
395, 357, 713.414550781, -4472.07861328, 528.00390625, -4410.00585938, 1474.62426758
395, 374, -746.497253418, 10760.5683594, -705.630859375, 10757.0166016, 1476.67712402
395, 347, 1849.78149414, 10523.2841797, 1779.45727539, 10755.7880859, 1459.15649414
395, 368, -60.5937347412, 22411.6503906, -57.6825675964, 22384.5429688, 1386.03857422
396, 358, 110.177536011, -4077.61645508, 2.28665304184, -3810.35253906, 1502.12072754
396, 374, -739.757080078, 10508.2119141, -729.943786621, 10267.3964844, 1601.39221191
396, 357, 764.618652344, -4146.80517578, 546.948974609, -4192.3515625, 1433.35388184
396, 354, 1474.42016602, -3708.68920898, 1274.29675293, -3628.97973633, 1514.39465332
396, 347, 1803.31738281, 11019.125, 1782.10632324, 10779.8300781, 1433.61279297
396, 368, -60.6856842041, 20703.9667969, -57.3247489929, 20165.5761719, 1462.55163574
397, 354, 1419.55566406, -3409.87182617, 1274.99890137, -3628.34448242, 1544.515625
397, 358, 102.374320984, -3708.63989258, 2.32873725891, -3785.07666016, 1459.80712891
397, 357, 848.325561523, -3910.44726563, 635.193054199, -3959.07080078, 1444.70471191
397, 374, -776.047119141, 10269.6523438, -723.270324707, 10037.0595703, 1602.00170898
397, 376, 1824.77429199, 11273.5195313, 1803.08166504, 11017.3173828, 1255.47155762
397, 368, -57.3681869507, 19652.6074219, -55.0096664429, 19184.8125, 1541.11193848
398, 374, -791.304870605, 9576.43261719, -708.402648926, 9582.44433594, 1607.46411133
398, 354, 1285.10437012, -3493.65893555, 1274.52514648, -3628.56298828, 1589.62231445
398, 357, 923.951171875, -3655.52880859, 609.924438477, -3785.40454102, 1448.98254395
398, 358, 136.81918335, -3380.25561523, 1.77378439903, -3759.89135742, 1478.55627441
398, 368, -56.8673362732, 19650.5761719, -54.698059082, 19183.7109375, 1540.99279785
399, 358, 141.03263855, -3174.92260742, 17.4280967712, -3409.99804688, 1499.96191406
399, 357, 819.704711914, -3437.69165039, 658.588989258, -3410.25585938, 1498.52978516
399, 354, 1375.48706055, -2989.93432617, 1295.18054199, -3351.87158203, 1609.43225098
399, 374, -714.887023926, 9800.92773438, -766.928161621, 8937.921875, 1629.32788086
399, 376, 1915.40405273, 12376.0019531, 1890.38269043, 12094.3632813, 1379.9901123
400, 358, 158.834228516, -3052.03515625, 97.7286758423, -2959.07299805, 1465.99023438
400, 357, 802.270935059, -3323.83837891, 590.696472168, -3323.09521484, 1458.07897949
400, 354, 1388.34619141, -2923.64526367, 1282.58972168, -2893.40209961, 1471.60327148
400, 374, -846.748901367, 8934.52929688, -694.121826172, 9144.52148438, 1590.71813965
400, 376, 1939.45837402, 12677.6142578, 1897.12280273, 12668.0009766, 1362.78405762
400, 378, -53.0457878113, 19150.765625, -51.5324516296, 19139.2695313, 1638.71411133
401, 358, 143.254013062, -3083.33789063, 2.41486096382, -2371.95336914, 1513.18518066
401, 357, 855.301391602, -2989.32495117, 539.088134766, -2989.69262695, 1491.37634277
401, 354, 1387.46203613, -2924.29956055, 1214.16503906, -2371.13769531, 1557.31604004
401, 374, -749.419006348, 8520.8359375, -749.716186523, 8514.11035156, 1446.79760742
401, 376, 1945.91235352, 13290.8964844, 1945.74707031, 13289.5976563, 986.963500977
402, 357, 856.887207031, -2826.76049805, 634.634521484, -2794.20751953, 1499.58947754
402, 354, 1441.77209473, -2622.66479492, 1221.45080566, -2332.85961914, 1515.4777832
402, 358, 135.089782715, -2656.96362305, 36.2517204285, -2407.32617188, 1466.85083008
402, 374, -796.227233887, 8710.11816406, -820.520324707, 8322.02539063, 1509.06616211
402, 381, 1920.43005371, 12975.5224609, 1919.1015625, 12975.8476563, 1190.76379395
403, 358, 122.878143311, -2332.82055664, 3.42549562454, -2371.20703125, 1483.5994873
403, 357, 822.815002441, -2692.24243164, 595.887634277, -2656.89233398, 1480.17248535
403, 354, 1418.22937012, -2180.86474609, 1248.90527344, -2258.26147461, 1527.06335449
403, 374, -899.037414551, 7570.20800781, -787.686645508, 7561.64404297, 1591.82336426
403, 381, 1897.23095703, 12692.1816406, 1893.52209473, 12687.4541016, 1252.67431641
403, 382, -104.624252319, 16111.2695313, -103.806793213, 16107.9863281, 1857.96362305
404, 357, 838.939147949, -2372.11254883, 634.610168457, -2370.94238281, 1484.55187988
404, 358, 167.416732788, -1774.0513916, 3.32842302322, -2369.95849609, 1521.74743652
404, 374, -890.35345459, 7381.38378906, -779.272521973, 7376.47314453, 1593.87475586
404, 354, 1273.07495117, -2103.02172852, 1254.43249512, -2104.56933594, 1571.0871582
404, 381, 1942.70983887, 13300.0371094, 1940.66577148, 13291.9550781, 1151.43493652
405, 358, 149.562393188, -1775.05285645, 20.6171951294, -2061.79711914, 1457.13366699
405, 357, 732.919372559, -2220.51611328, 542.35369873, -2220.41870117, 1480.08325195
405, 374, -735.277893066, 7203.50830078, -882.49230957, 7202.76318359, 1713.4921875
405, 354, 1271.79260254, -2102.23022461, 1184.3671875, -2102.49047852, 1600.73571777
405, 383, 1869.4675293, 13003.4609375, 1695.30249023, 13294.4677734, 1204.49853516
406, 358, 152.622634888, -1599.64819336, 115.685249329, -1508.9954834, 1458.51428223
406, 374, -873.571533203, 7027.30175781, -821.29119873, 6697.66357422, 1649.27941895
406, 354, 1374.28735352, -1418.66784668, 1222.93652344, -1416.8425293, 1547.56262207
406, 357, 790.489990234, -1774.26904297, 622.897338867, -1815.7911377, 1468.63806152
406, 388, 1705.859375, 14962.8564453, 1683.52587891, 14612.1660156, 1165.29443359
407, 354, 1350.15808105, -1462.8215332, 1227.97558594, -1228.53637695, 1566.3996582
407, 358, 42.9132003784, -1031.56213379, 150.639877319, -1685.81542969, 1495.58764648
407, 374, -857.665222168, 6699.43261719, -770.536865234, 6373.65722656, 1645.37487793
407, 357, 888.755981445, -1510.20019531, 619.77746582, -1599.13000488, 1461.94213867
407, 391, 1706.36999512, 15697.7841797, 1730.35180664, 15351.2460938, 889.343200684
408, 374, -862.833129883, 6067.74755859, -824.701416016, 6064.52978516, 1682.36218262
408, 357, 898.705383301, -1417.93969727, 741.51751709, -1464.20092773, 1456.6348877
408, 354, 1381.8638916, -1368.83972168, 1261.48034668, -1131.0144043, 1551.49133301
408, 358, 102.457572937, -1032.47558594, 156.189331055, -1323.06591797, 1508.57568359
408, 390, -485.259765625, 15722.8007813, -491.553649902, 16102.0146484, 2127.15063477
408, 391, 1706.47229004, 15702.6796875, 1753.81115723, 15703.609375, 941.657470703
409, 357, 774.12878418, -1081.36352539, 572.414306641, -1132.34765625, 1499.34057617
409, 374, -954.929260254, 5908.08154297, -819.726318359, 5917.22949219, 1573.44812012
409, 358, 163.139129639, -929.000610352, 43.6015281677, -930.26965332, 1472.53686523
409, 354, 1436.03515625, -877.617980957, 1274.06616211, -878.727294922, 1551.52502441
410, 357, 616.219116211, -1081.73364258, 479.657897949, -1034.26269531, 1511.28234863
410, 354, 1378.85144043, -558.298706055, 1268.3840332, -611.402160645, 1529.51403809
410, 358, 165.006225586, -827.00579834, 62.6358146667, -980.052612305, 1483.97302246
410, 374, -880.359191895, 5763.47363281, -812.357849121, 5766.79003906, 1708.7947998
411, 357, 817.242980957, -1030.60913086, 502.044952393, -979.093994141, 1455.39245605
411, 354, 1288.98168945, -612.753662109, 1281.53540039, -665.836853027, 1608.8371582
411, 358, 170.34753418, -499.203582764, 108.420158386, -445.503234863, 1484.99389648
411, 374, -939.531738281, 5059.56689453, -833.892700195, 4931.078125, 1586.80871582
412, 357, 807.815856934, -666.124572754, 624.495910645, -612.365661621, 1497.81140137
412, 374, -923.680358887, 4799.68359375, -797.115783691, 4797.64257813, 1654.28515625
412, 358, 174.910675049, -213.865890503, 68.0025405884, -152.808456421, 1501.94360352
412, 354, 1400.06225586, -92.0327301025, 1312.20898438, -94.8873214722, 1499.39648438
413, 374, -1040.74084473, 4662.85498047, -946.329711914, 4660.56689453, 1703.81848145
413, 357, 749.445007324, -612.151794434, 541.960388184, -612.591491699, 1505.31274414
413, 354, 1399.9597168, -93.3156661987, 1327.62365723, 28.8354358673, 1571.89929199
413, 358, 173.918197632, -331.092529297, 68.6952209473, -92.9930419922, 1521.62963867
413, 398, -437.863311768, 12997.1376953, -435.099304199, 12988.7607422, 1433.32458496
413, 400, 1784.20031738, 16912.1035156, 1835.29003906, 16898.5058594, 1255.66638184
414, 374, -1022.88897705, 3938.28540039, -962.660644531, 3938.68969727, 1649.70654297
414, 354, 1472.14135742, 283.458953857, 1421.02929688, 414.849243164, 1534.16430664
414, 357, 680.02746582, -91.6303863525, 136.688415527, 91.2319869995, 1397.32995605
415, 358, 163.586990356, 418.557342529, 94.730796814, 417.990478516, 1469.3717041
415, 354, 1545.38574219, 481.874725342, 1461.17712402, 551.501159668, 1509.68139648
415, 374, -1021.56176758, 3929.16992188, -961.115234375, 3936.03320313, 1665.62353516
415, 403, 877.963378906, 481.456726074, 813.657226563, 549.311828613, 1374.44714355
415, 404, -678.813232422, 12983.7275391, -629.766906738, 12977.0058594, 1290.04040527
416, 354, 1710.29821777, 975.421569824, 1497.71191406, 827.886962891, 1586.7064209
416, 358, 210.397354126, 481.378265381, 26.4834499359, 414.05557251, 1490.71447754
416, 403, 781.006164551, 418.32611084, 552.771118164, 413.545196533, 1410.85437012
416, 374, -1027.90991211, 3594.35571289, -925.221984863, 3374.7980957, 1632.5078125
417, 358, 239.287719727, 759.69720459, 145.904754639, 830.803222656, 1470.48803711
417, 354, 1757.14746094, 1125.28186035, 1507.0213623, 899.514465332, 1558.2442627
417, 403, 735.272094727, 759.743713379, 928.488769531, 829.188720703, 1451.36364746
417, 374, -961.976318359, 3065.10693359, -904.679626465, 3056.07226563, 1662.75378418
417, 404, -750.28137207, 12099.2402344, -758.063293457, 12386.1474609, 1439.16137695
417, 405, 9.71654891968, 20699.5292969, 9.41944789886, 20703.6738281, 1901.73376465
418, 358, 316.286682129, 977.632385254, 195.897399902, 1049.36010742, 1504.69396973
418, 354, 1779.53173828, 1276.90771484, 1518.15441895, 976.089660645, 1555.60876465
418, 403, 759.260253906, 760.272094727, 733.297424316, 758.51751709, 1472.43225098
418, 374, -1017.5546875, 3057.67333984, -925.227416992, 2961.22924805, 1682.46179199
418, 404, -756.435974121, 11019.8085938, -721.967651367, 11275.0957031, 1445.61181641
419, 358, 340.203643799, 978.037841797, 178.597747803, 1512.62365723, 1527.29101563
419, 354, 1791.1817627, 1353.88146973, 1604.51928711, 1435.55163574, 1538.57458496
419, 374, -1039.24084473, 2287.85009766, -911.602233887, 2757.64672852, 1660.05810547
419, 404, -777.172607422, 11543.8769531, -765.564697266, 11278.9550781, 1445.61181641
420, 354, 1779.46386719, 1277.81848145, 1608.95214844, 1678.0078125, 1561.16394043
420, 374, -1031.78808594, 2197.79077148, -892.984863281, 2470.62280273, 1656.70690918
421, 420, 934.878662109, 1515.99255371, 732.673217773, 1513.64782715, 1443.40979004
421, 374, -973.255065918, 2107.33447266, -860.767028809, 2017.84020996, 1633.6373291
421, 358, 210.132507324, 1760.55627441, 185.222473145, 1933.33093262, 1571.67932129
421, 354, 1827.3182373, 1594.78100586, 1632.33337402, 1845.66906738, 1523.81079102
421, 404, -742.078918457, 10505.8583984, -740.909240723, 10510.8828125, 1533.52294922
422, 358, 375.839050293, 2192.72436523, 181.43586731, 1679.25305176, 1547.72070313
422, 374, -920.617431641, 1763.10595703, -826.983154297, 1511.70446777, 1701.56396484
422, 354, 1877.21777344, 2108.39746094, 1655.21899414, 2017.26367188, 1594.15380859
422, 422, -783.192565918, 10508.3388672, -740.540405273, 10509.5917969, 1703.83825684
422, 423, 1519.77404785, 19676.9199219, 1545.9206543, 20180.8066406, 1016.39941406
423, 358, 403.585510254, 2283.24145508, 185.56892395, 1932.50585938, 1530.82836914
423, 420, 1004.44360352, 1762.56225586, 810.713317871, 1931.00085449, 1459.7409668
423, 374, -990.348388672, 1676.94030762, -845.728088379, 1432.671875, 1691.57397461
423, 354, 1704.79711914, 2192.14404297, 1666.60107422, 2104.69287109, 1562.93334961
424, 374, -964.684387207, 757.20904541, -829.890991211, 1199.39099121, 1633.7088623
424, 354, 1678.13293457, 2198.61083984, 1677.80786133, 2197.45385742, 1515.64599609
424, 358, 381.583221436, 2381.69482422, 247.680404663, 2380.09375, 1476.55493164
424, 422, -842.57208252, 9808.19238281, -749.865356445, 9575.67578125, 1568.28833008
425, 374, -940.119567871, 484.088134766, -904.697021484, 904.293701172, 1658.53857422
425, 354, 1792.03869629, 2856.0793457, 1684.11437988, 2661.1418457, 1512.90991211
425, 358, 389.818145752, 2663.06616211, 306.974578857, 2661.54174805, 1501.92529297
425, 422, -865.206054688, 9354.09667969, -815.373596191, 9143.27050781, 1818.15124512
426, 374, -934.358703613, 416.628875732, -814.999572754, 347.432128906, 1713.24145508
426, 354, 1777.30114746, 2953.70288086, 1610.29541016, 2960.51220703, 1473.16308594
426, 358, 1027.7376709, 2378.08764648, 370.461975098, 2953.70288086, 1501.92529297
426, 422, -845.794250488, 8927.93457031, -846.580566406, 8924.078125, 1633.81884766
427, 374, -930.071105957, 351.266387939, -842.579284668, -156.475967407, 1667.79333496
427, 422, -956.143005371, 8716.94726563, -796.8359375, 8722.15234375, 1659.32958984
427, 354, 1779.50219727, 2957.98291016, 1622.50805664, 3062.49829102, 1483.63720703
427, 358, 433.536682129, 3167.36157227, 321.248321533, 3268.47802734, 1496.67919922
427, 428, 1100.71459961, 2954.82275391, 877.365661621, 2957.2253418, 1377.38293457
428, 422, -918.16998291, 7932.16601563, -772.80291748, 8122.34375, 1513.12463379
428, 374, -940.407653809, 218.27166748, -858.682312012, -215.055755615, 1658.27868652
428, 358, 460.539215088, 3165.27124023, 290.870910645, 3168.52075195, 1523.40563965
428, 428, 1111.68505859, 3058.76708984, 911.898864746, 3057.90478516, 1417.63000488
428, 354, 1793.36889648, 3065.70874023, 1623.04296875, 3064.20727539, 1529.5201416
428, 434, -113.688468933, 18697.9609375, -173.294189453, 18697.3300781, 1167.31225586
429, 422, -899.685852051, 7568.21484375, -795.575622559, 7745.38574219, 1512.94921875
429, 374, -936.261901855, -978.170227051, -831.169250488, -554.283630371, 1634.77539063
429, 358, 438.997833252, 3376.81298828, 410.133392334, 3375.33496094, 1507.6340332
429, 354, 1699.31469727, 3704.94897461, 1656.60302734, 3594.5612793, 1543.83300781
430, 422, -891.285583496, 7380.54589844, -816.277099609, 7381.51513672, 1523.48291016
430, 358, 482.357147217, 3820.85498047, 453.915405273, 3816.38696289, 1488.57385254
430, 374, -905.99786377, -1082.29272461, -832.662658691, -773.981933594, 1690.99597168
430, 434, -114.542121887, 18688.0351563, -173.167190552, 18685.5878906, 1067.12634277
430, 354, 1669.85388184, 3706.69067383, 1680.21960449, 3812.14013672, 1513.10620117
431, 422, -838.161315918, 7036.28271484, -698.676025391, 7203.3359375, 1566.5045166
431, 358, 486.563018799, 3939.1340332, 456.770904541, 3940.04199219, 1395.99914551
431, 374, -872.842590332, -1228.56188965, -782.062316895, -1368.85595703, 1681.57373047
431, 442, 862.014770508, 18706.4101563, -53.6481246948, 18224.7285156, 1295.71655273
431, 354, 1723.95092773, 4173.28955078, 1693.40515137, 4169.13623047, 1436.40100098
432, 422, -837.862548828, 7029.9140625, -660.602783203, 7204.97412109, 1570.38769531
432, 374, -801.883300781, -1369.06811523, -749.257446289, -1775.15234375, 1704.52099609
432, 358, 487.436004639, 3940.19995117, 486.365570068, 3936.56445313, 1263.68334961
432, 354, 1752.43017578, 4415.74902344, 1720.4119873, 4412.25878906, 1524.89428711
432, 434, -111.671173096, 17766.6132813, -109.948738098, 17769.1542969, 1421.56872559
433, 422, -806.018127441, 6376.421875, -595.72454834, 6375.21533203, 1469.44836426
433, 374, -874.30871582, -1416.28173828, -731.51965332, -1982.43908691, 1654.33911133
433, 354, 1709.00366211, 4050.17773438, 1599.96813965, 4172.59130859, 1513.11999512
433, 358, 502.72177124, 4412.40722656, 480.775817871, 4665.85888672, 1548.63830566
434, 374, -847.512878418, -2408.75610352, -742.47088623, -2061.50439453, 1691.46801758
434, 354, 1794.7623291, 4792.71728516, 1635.14465332, 4789.42041016, 1484.14916992
434, 422, -792.40435791, 6072.08691406, -585.213623047, 6063.17871094, 1443.41723633
434, 358, 548.485107422, 4788.33447266, 481.491088867, 4664.00292969, 1306.0604248
435, 374, -802.082946777, -2693.38745117, -742.268798828, -2064.32885742, 1681.73999023
435, 354, 1778.27160645, 4931.18212891, 1586.46203613, 4925.37402344, 1553.58032227
435, 422, -784.406494141, 5909.24121094, -579.633666992, 5913.63427734, 1523.63098145
435, 358, 515.109313965, 4788.82910156, 484.482269287, 4790.07861328, 1381.88867188
436, 422, -782.631408691, 5194.984375, -569.592224121, 5618.4375, 1496.05493164
436, 374, -795.052001953, -2760.93481445, -672.166137695, -2860.14013672, 1620.70690918
436, 354, 1775.21496582, 5474.83886719, 1599.14892578, 5064.05322266, 1535.66552734
436, 458, -50.3269996643, 17759.4042969, 7.49936485291, 16503.9160156, 1306.84375
436, 459, 617.448486328, 4933.07519531, 521.787658691, 4931.72119141, 1317.23059082
437, 422, -782.614074707, 5194.16162109, -586.389648438, 5196.59667969, 1530.8762207
437, 374, -777.691223145, -2926.30810547, -698.769775391, -3409.4050293, 1670.77355957
437, 459, 563.91986084, 5197.45117188, 497.756134033, 5196.13476563, 1395.36730957
437, 354, 1656.56591797, 5620.30859375, 1594.21032715, 5336.7421875, 1551.14758301
437, 458, 64.5908508301, 16501.9511719, 64.0559310913, 16103.3828125, 1288.27526855
438, 422, -731.007995605, 4800.42431641, -577.143493652, 4920.91943359, 1509.31445313
438, 374, -764.925598145, -3052.35253906, -690.99432373, -3494.24902344, 1642.82788086
438, 459, 503.961791992, 5476.66357422, 505.508544922, 5478.22119141, 1444.68688965
438, 354, 1702.07653809, 6065.95800781, 1668.02148438, 6065.0078125, 1356.77355957
439, 422, -750.086242676, 4539.92480469, -644.785400391, 4292.25244141, 1490.89013672
439, 374, -794.526306152, -3983.01806641, -705.596862793, -3493.7121582, 1699.83117676
439, 354, 1702.68737793, 6061.29882813, 1665.13122559, 6060.39355469, 1393.51586914
440, 422, -751.203552246, 3940.98266602, -599.852478027, 3936.30102539, 1556.56286621
440, 474, 1667.53381348, 6064.92529297, 1633.25183105, 6070.94384766, 1423.26916504
440, 374, -823.942382813, -4281.31396484, -725.427856445, -3438.70751953, 1699.0847168
440, 476, 559.431640625, 6064.04248047, 559.09777832, 6066.59863281, 1646.40197754
441, 422, -734.078186035, 3591.65698242, -595.099914551, 3821.9387207, 1570.28686523
441, 374, -818.043701172, -4324.50488281, -726.26776123, -4324.16845703, 1606.03979492
441, 474, 1747.12548828, 6861.01464844, 1708.98962402, 6862.23193359, 1452.60559082
441, 481, -478.566497803, 15332.125, -476.506500244, 15334.3798828, 1363.23254395
441, 476, 523.922424316, 6060.06445313, 489.571166992, 6061.42529297, 1696.85668945
442, 422, -728.653259277, 3485.64819336, -590.481567383, 3701.07177734, 1570.56079102
442, 374, -817.109619141, -4430.80908203, -696.542785645, -4893.79785156, 1727.04638672
442, 484, 524.031311035, 6071.60986328, 389.341308594, 6220.94677734, 1696.61962891
442, 485, 1713.50646973, 6533.91357422, 1662.32592773, 6379.91455078, 1505.93811035
443, 374, -644.983825684, -4237.69238281, -718.893798828, -5082.65136719, 1694.13146973
443, 422, -717.007385254, 3267.75244141, -624.714477539, 3164.1965332, 1530.20153809
443, 485, 1728.26940918, 7033.890625, 1691.16015625, 7029.32421875, 1515.93847656
443, 484, 518.813476563, 7028.33886719, 449.39630127, 7198.12988281, 2103.56347656
444, 422, -727.814086914, 2955.83984375, -629.25970459, 2660.67675781, 1559.34594727
444, 374, -856.686401367, -5291.63085938, -729.894836426, -5082.43408203, 1582.7232666
444, 485, 1761.28479004, 7387.40673828, 1574.97436523, 7381.98876953, 1498.82263184
445, 422, -697.841491699, 2381.23706055, -589.46081543, 2380.52978516, 1548.75744629
445, 484, 449.179168701, 7210.52148438, 411.935882568, 7214.453125, 1798.80114746
445, 485, 1687.60778809, 7385.51269531, 1537.75280762, 7384.55419922, 1314.36975098
446, 422, -710.656005859, 1678.39709473, -584.38458252, 2285.41674805, 1592.40979004
446, 485, 1763.15930176, 7385.32421875, 1574.97436523, 7389.05126953, 1501.38452148
446, 484, 454.350921631, 7392.94482422, 341.327850342, 7392.21679688, 1872.08496094
447, 422, -735.558227539, 1678.28356934, -595.38885498, 1932.35754395, 1590.22619629
447, 485, 1834.3182373, 8125.62646484, 1622.98266602, 7935.38867188, 1458.47167969
447, 484, 528.003662109, 7393.17871094, 342.57800293, 7392.81738281, 1929.56750488
448, 495, -973.503356934, 12989.8134766, -777.068969727, 12993.2382813, 1554.46508789
448, 485, 1852.41113281, 8726.70800781, 1654.01403809, 8727.11230469, 1375.80737305
448, 422, -755.747619629, 1594.0892334, -619.986999512, 1431.69226074, 1592.21166992
448, 484, 571.056762695, 7567.55615234, 345.746673584, 7563.89746094, 1815.16821289
449, 422, -766.217834473, 1353.79089355, -618.201538086, 902.636474609, 1603.51879883
449, 485, 1733.98803711, 8729.57226563, 1612.21679688, 8719.10839844, 1414.02416992
449, 510, 595.534301758, 8317.66308594, 554.939575195, 8315.2734375, 1721.23999023
450, 422, -790.997497559, 976.97088623, -618.516601563, 904.111877441, 1603.51879883
450, 485, 1652.86425781, 8718.1171875, 1557.42651367, 8517.24316406, 1459.84960938
450, 510, 540.049987793, 7750.69482422, 538.848937988, 7748.9609375, 1797.1817627
451, 516, -1126.36303711, 12102.4287109, -1125.32495117, 12098.7724609, 1645.32617188
451, 422, -862.190734863, 92.1518478394, -609.597900391, 759.431091309, 1568.39025879
451, 517, 601.495117188, 8515.09667969, -482.723480225, 12972.7695313, 1757.21057129
451, 485, 1652.51489258, 8720.11816406, 1571.19885254, 8710.28417969, 1433.35913086
452, 422, -835.905273438, 29.1949234009, -637.300415039, 415.378173828, 1569.06115723
452, 520, 608.687011719, 8715.7578125, 607.477722168, 8721.14746094, 1755.81591797
452, 521, 1670.34851074, 8925.37109375, 1628.20849609, 8927.8671875, 1431.22558594
453, 422, -847.941894531, -90.1087646484, -691.411132813, -155.552093506, 1593.63989258
453, 485, 1684.75268555, 9583.68164063, 608.683044434, 8722.20214844, 1409.88916016
454, 532, -42.2627563477, 12676.0019531, -43.0014190674, 12676.4082031, 1674.56567383
454, 422, -879.02923584, 28.7096557617, -670.99230957, -772.993347168, 1560.0579834
454, 533, 615.169372559, 8923.65527344, 647.472045898, 8726.62890625, 1712.16210938
454, 521, 1789.03491211, 9359.94140625, 1935.27111816, 9576.70800781, 1571.90063477
455, 422, -852.363830566, -558.024414063, -671.618286133, -774.16217041, 1560.1270752
455, 532, -1251.75, 11026.1708984, -184.366500854, 12383.7294922, 1898.3927002
455, 520, 655.990844727, 8931.68066406, 615.945007324, 8934.40136719, 1670.96142578
455, 521, 1725.33227539, 9580.75683594, 1704.16125488, 9802.18945313, 1335.93408203
456, 422, -793.861755371, -1463.06005859, -657.065551758, -979.516540527, 1597.31652832
456, 532, -1371.34777832, 10777.1142578, -375.087280273, 12377.1367188, 1792.30725098
456, 536, -774.653564453, 11542.0439453, 629.454650879, 9355.8828125, 1878.33105469
456, 521, 2043.2220459, 10270.2861328, 1871.27124023, 10272.8945313, 1279.15625
