0, 0, 644.123291016, 4787.86230469, 513.551879883, 4666.04931641, 1351.94274902
0, 1, -206.542190552, -501.538360596, -160.709564209, -667.465576172, 1450.8963623
0, 2, -826.308410645, -610.36529541, -681.909057617, -614.080078125, 1431.93078613
1, 2, -806.766479492, -1322.5826416, -678.716064453, -665.825012207, 1415.08972168
1, 1, -247.472473145, -556.202575684, -117.227386475, -981.451049805, 1462.30200195
1, 0, 521.272033691, 4923.75, 488.840332031, 4928.52880859, 1320.63696289
2, 1, -195.648147583, -1030.75732422, -135.634521484, -1029.49365234, 1407.18713379
2, 2, -821.14465332, -1369.30419922, -703.51965332, -879.024841309, 1399.53796387
2, 0, 497.114196777, 5196.83105469, 458.917572021, 5062.14208984, 1364.52026367
3, 1, -170.280044556, -1369.59838867, -37.6156349182, -1034.00354004, 1367.44433594
3, 0, 276.835235596, 5761.41259766, 246.629959106, 5905.46044922, 1421.15551758
3, 2, -798.135192871, -1416.63354492, -744.511962891, -1815.78063965, 1422.99902344
4, 1, -163.911682129, -1686.66027832, -17.4671916962, -1417.3223877, 1408.55004883
4, 2, -912.521362305, -1419.87194824, -725.129699707, -2060.66918945, 1433.94055176
4, 0, 246.32043457, 6065.02392578, 245.659210205, 6062.54736328, 1281.45581055
5, 1, -162.563827515, -1731.48742676, -15.6660356522, -2102.77709961, 1494.69628906
5, 2, -863.021911621, -2101.32836914, -724.66973877, -2063.51538086, 1389.62475586
5, 0, 248.658218384, 6221.36962891, 178.739105225, 6218.6171875, 1361.31506348
6, 0, 111.474395752, 6534.09814453, -66.8591537476, 6865.98828125, 1361.42907715
6, 1, -158.52520752, -1941.22705078, -15.0860910416, -2481.52099609, 1467.7253418
6, 2, -802.434936523, -2691.98510742, -724.417663574, -2061.54101563, 1445.49255371
7, 1, -152.044952393, -2370.95629883, -15.4287652969, -2444.515625, 1402.8269043
7, 2, -817.914489746, -2693.03271484, -732.391235352, -2369.7109375, 1415.69812012
7, 0, 4.91356372833, 7034.06054688, -68.5525283813, 6867.71191406, 1333.65405273
8, 1, -214.156814575, -3143.97070313, -31.1704139709, -2657.67578125, 1435.46411133
8, 2, -781.681274414, -2892.48071289, -728.283203125, -3264.50512695, 1464.19335938
8, 0, -70.1784362793, 7208.62207031, -254.481765747, 7213.13818359, 1319.63696289
9, 0, -292.21206665, 7390.62158203, -332.260559082, 7559.64648438, 1274.27575684
9, 1, -227.203323364, -3235.09692383, -29.9830417633, -2827.14648438, 1437.52893066
9, 2, -900.890258789, -2958.05932617, -714.164550781, -3408.19750977, 1379.18212891
10, 2, -825.977844238, -3602.56958008, -728.091918945, -3410.40209961, 1425.18603516
10, 0, -335.963287354, 7743.14746094, -374.96395874, 7745.79589844, 1437.04699707
10, 1, -226.947143555, -3235.09350586, -117.402709961, -3380.22045898, 1396.36853027
11, 2, -759.044433594, -4053.47729492, -708.106933594, -3465.52612305, 1446.87329102
11, 1, -234.922210693, -3436.99780273, -135.408782959, -3983.4206543, 1458.11193848
11, 0, -342.953491211, 7930.35742188, -623.141418457, 8318.10351563, 1397.0748291
12, 0, -476.730804443, 8725.8984375, -634.78302002, 8719.22167969, 1312.73754883
12, 1, -244.044952393, -3630.21728516, -123.181716919, -3934.95654297, 1391.27575684
12, 2, -758.863037109, -4053.72216797, -682.729675293, -3861.07470703, 1399.0300293
13, 1, -299.479736328, -4552.71337891, -134.625076294, -4030.86962891, 1434.33825684
13, 2, -717.039123535, -4409.26757813, -703.356872559, -4631.89794922, 1455.22851563
13, 0, -682.770141602, 8920.77246094, -684.528869629, 8920.20507813, 1372.64086914
14, 2, -784.122131348, -4388.12890625, -694.807556152, -4708.19873047, 1390.86633301
14, 1, -308.253631592, -4612.84033203, -144.25819397, -4192.50732422, 1408.80236816
14, 0, -685.204528809, 8943.50390625, -725.115844727, 8940.62207031, 1343.7590332
15, 2, -811.585266113, -4997.25732422, -694.907531738, -4709.328125, 1444.08972168
15, 1, -292.853759766, -4690.14892578, -192.980163574, -4728.58984375, 1349.5949707
15, 0, -874.025268555, 9574.80761719, -999.032714844, 9574.69140625, 1404.91589355
16, 2, -757.753601074, -5291.20019531, -693.279785156, -4820.8984375, 1392.34301758
16, 1, -290.670806885, -4728.63574219, -183.97984314, -5352.15087891, 1406.36621094
16, 0, -1023.4354248, 10036.9033203, -1068.31115723, 10035.6152344, 1180.58959961
17, 1, -320.686737061, -5049.49121094, -184.889938354, -5306.33935547, 1304.09851074
17, 2, -728.833007813, -5260.59375, -652.839416504, -5337.05712891, 1278.15673828
17, 0, -1179.68994141, 10518.2880859, -1265.71765137, 10514.7373047, 1153.47631836
18, 1, -303.369659424, -5527.22363281, -176.749847412, -5526.96630859, 1108.84094238
18, 0, -1441.04504395, 10521.0400391, -1441.79736328, 10516.8183594, 1182.38586426
19, 3, -1680.84680176, 10763.8046875, -1723.98693848, 10753.5429688, 1119.95471191
87, 9, -552.317626953, 23044.9453125, -486.089813232, 23652.1503906, 2734.11572266
89, 9, -604.572143555, 22401.9609375, -549.251281738, 22993.0625, 2849.90429688
93, 10, -631.009155273, 23622.5214844, -618.313049316, 23043.0996094, 802.62121582
95, 13, -577.729736328, 20690.1464844, -568.145324707, 20169.8613281, 1486.85583496
102, 20, -984.657287598, 19164.046875, -982.608093262, 19158.6757813, 1506.70117188
113, 33, -925.70111084, 17333.1484375, -922.545593262, 17328.9550781, 1271.98425293
114, 33, -989.204711914, 17770.1367188, -938.958312988, 17758.6679688, 1217.15734863
115, 33, -884.320922852, 16100.5283203, -881.351013184, 16093.2324219, 1349.2310791
116, 33, -884.712036133, 16103.6445313, -882.073669434, 16100.6679688, 1342.41064453
117, 33, -884.210083008, 16095.2939453, -881.46105957, 16095.7539063, 1349.2310791
118, 33, -920.153320313, 15734.7011719, -918.295227051, 15728.7324219, 1349.2310791
118, 37, 2380.5690918, 5061.97607422, 2381.49047852, 5063.72900391, 1381.609375
119, 37, 2586.21386719, 4932.21582031, 2306.98681641, 4796.49414063, 1579.1595459
119, 33, -920.227600098, 15712.3935547, -918.124755859, 15710.2373047, 1330.3782959
121, 37, 2263.48339844, 4931.59960938, 2166.11254883, 4929.97705078, 1590.27539063
122, 37, 2120.83398438, 5064.66064453, 2120.54785156, 5066.08935547, 1534.98596191
123, 37, 1874.45068359, 6058.61523438, 1668.06640625, 6064.78808594, 1381.57507324
123, 44, -1092.65576172, 14617.9785156, -949.044006348, 14965.1591797, 1491.09265137
124, 37, 1855.58044434, 5904.85644531, 1598.41650391, 6068.33789063, 1491.20361328
124, 44, -1196.14074707, 14620.4775391, -952.081237793, 14960.7441406, 1491.12463379
125, 37, 1701.77111816, 6063.61035156, 1667.85693359, 6068.19287109, 1492.57055664
125, 46, -1318.46166992, 14978.3515625, -1268.27685547, 14967.0869141, 1307.04016113
126, 37, 1662.5480957, 6377.49707031, 1391.7800293, 6533.99511719, 1438.26721191
127, 37, 1419.53820801, 6866.03515625, 1324.80773926, 7030.04785156, 1425.90869141
127, 46, -1336.68017578, 15322.1357422, -1290.27868652, 15321.1806641, 1254.21118164
128, 37, 1396.97216797, 7032.87451172, 1190.59680176, 7204.49853516, 1463.57128906
129, 37, 1251.59155273, 7566.81347656, 1175.50537109, 7564.52441406, 1363.2878418
129, 46, -1286.22424316, 14266.5664063, -1267.77929688, 13940.2685547, 1254.03601074
130, 37, 1202.3371582, 7391.21044922, 978.886352539, 8124.40234375, 1495.3815918
130, 50, -1317.49108887, 12992.5332031, -1223.02746582, 12994.9091797, 1286.03686523
131, 37, 1214.70422363, 7567.81982422, 950.597473145, 8314.58886719, 1517.0032959
131, 50, -1562.11743164, 13001.6347656, -1510.66955566, 12991.6210938, 1302.61523438
132, 37, 1183.58984375, 8321.2109375, 1078.85876465, 8512.00195313, 1586.93334961
132, 50, -1564.76452637, 12990.2089844, -1562.41149902, 12977.3681641, 1189.37756348
133, 37, 1183.56323242, 8317.34375, 929.535461426, 8729.63867188, 1491.21789551
133, 52, -1566.41943359, 12996.328125, -1563.97607422, 12983.2148438, 1189.37756348
134, 37, 1129.20727539, 8712.94238281, 939.886108398, 8924.01660156, 1419.68505859
134, 54, -1566.59655762, 12996.1552734, -1563.74584961, 12986.5693359, 1236.3828125
135, 54, -1524.75769043, 12384.9365234, -1523.05810547, 12382.4111328, 1468.64550781
135, 37, 1020.84423828, 8928.07226563, 979.495849609, 8935.80078125, 1428.58203125
136, 54, -1510.9432373, 11548.1113281, -1509.79382324, 11547.5859375, 1451.92858887
136, 37, 981.63873291, 8932.76660156, 877.448059082, 9356.52148438, 1548.42199707
137, 37, 992.005859375, 9138.03808594, 916.924865723, 9361.53808594, 1482.17382813
137, 54, -1512.32348633, 11548.2402344, -1510.26269531, 11547.4921875, 1452.42895508
138, 37, 1036.35095215, 10032.5595703, 917.590332031, 10274.8603516, 1556.69006348
138, 54, -1514.70263672, 11543.3476563, -1511.51586914, 11548.4492188, 1448.58703613
139, 37, 993.005615234, 10033.4609375, 874.4296875, 10271.6044922, 1584.11535645
140, 37, 971.758422852, 10508.0654297, 711.05670166, 10518.2695313, 1509.35266113
140, 54, -1505.50390625, 10773.5644531, -1475.47253418, 11019.3896484, 1476.03662109
141, 37, 1024.91540527, 10763.5400391, 761.462646484, 10779.5019531, 1471.35083008
141, 54, -1505.69848633, 10777.9667969, -1477.69897461, 11029.5576172, 1476.03662109
142, 37, 983.288330078, 10772.6484375, 727.875671387, 11026.1464844, 1471.35083008
142, 54, -1502.88024902, 10756.0917969, -1459.89978027, 10761.3037109, 1433.62182617
143, 37, 982.699829102, 10770.0693359, 732.830749512, 11274.1972656, 1471.24719238
143, 54, -1642.76501465, 10274.9160156, -1556.74304199, 10276.7998047, 1497.97399902
144, 37, 950.294250488, 11023.1298828, 707.107849121, 11813.671875, 1448.73498535
144, 54, -1729.3157959, 10277.8417969, -1726.35107422, 10265.7363281, 1327.93371582
145, 54, -1750.41259766, 10033.2460938, -1710.88415527, 10032.6464844, 1438.703125
145, 37, 985.653930664, 11820.5380859, 770.474182129, 12379.1181641, 1422.27539063
146, 37, 915.334106445, 12380.5527344, 780.551208496, 12663.4697266, 1358.67260742
146, 61, -1770.1842041, 10265.0976563, -1749.74523926, 10036.1523438, 1310.86669922
147, 54, -1733.81359863, 9808.07714844, -1749.81323242, 10031.2597656, 1379.73571777
147, 37, 962.318603516, 12379.7734375, 779.122192383, 12674.6855469, 1456.33410645
148, 54, -1658.61169434, 8922.75292969, -1656.51293945, 8926.90234375, 1416.58081055
148, 37, 840.643005371, 12986.9140625, 790.996826172, 12995.7597656, 1205.35058594
149, 54, -1528.58850098, 7377.75488281, -1512.76745605, 7210.75048828, 1684.41906738
149, 37, 840.439758301, 12985.5224609, 792.175964355, 12989.0507813, 1283.92590332
150, 54, -1513.3894043, 7202.87744141, -1497.31384277, 7034.08007813, 1668.50463867
150, 37, 854.321411133, 13306.9306641, 813.004943848, 13608.6347656, 1220.87438965
151, 54, -1513.98413086, 7202.86572266, -1497.46252441, 7033.74316406, 1687.8359375
152, 54, -1514.37341309, 7203.7734375, -1512.32995605, 7203.91992188, 1665.15625
152, 37, 842.926391602, 14617.1308594, 841.73059082, 14618.8974609, 1095.16052246
153, 54, -1514.10058594, 7202.55029297, -1512.70654297, 7204.52050781, 1612.27478027
153, 37, 847.419616699, 14624.4394531, 855.46875, 14976.8984375, 1489.89221191
154, 65, -1573.48217773, 7933.43652344, -1536.99353027, 7932.24609375, 1542.60131836
154, 37, 879.05645752, 15694.3398438, 878.692810059, 15701.9960938, 1267.35986328
155, 65, -1438.18908691, 7210.47509766, -1264.79772949, 7385.68945313, 1603.14501953
155, 37, 881.994628906, 15697.4960938, 878.929138184, 15702.8847656, 1326.49560547
156, 65, -1460.72631836, 7030.53662109, -1252.29821777, 7197.34179688, 1648.52160645
156, 37, 886.419067383, 15720.1748047, 883.505249023, 15725.3349609, 1099.8515625
157, 65, -1406.6751709, 6378.93017578, -1204.67370605, 7030.13085938, 1670.42089844
157, 37, 886.359680176, 15716.4667969, 881.974304199, 15719.9892578, 1330.27770996
158, 65, -1265.03051758, 6865.99902344, -1204.01013184, 7032.36425781, 1648.15673828
158, 37, 883.036376953, 15732.1787109, 881.788696289, 15724.4921875, 1296.01391602
159, 65, -1170.67749023, 6536.68115234, -1168.79309082, 6538.50976563, 1578.58215332
159, 37, 895.804992676, 16099.8896484, 886.572875977, 15738.9238281, 1349.14855957
160, 65, -1125.18286133, 6377.15527344, -1123.03710938, 6377.63183594, 1596.83032227
160, 37, 899.577880859, 16108.6308594, 897.075439453, 16099.0712891, 1249.99572754
161, 65, -1113.73046875, 6218.875, -904.44342041, 6221.82666016, 1633.69335938
161, 37, 994.580993652, 17325.6835938, 965.538879395, 16511.8730469, 1253.68847656
162, 65, -1068.04174805, 6066.46679688, -861.273803711, 6066.06347656, 1604.13037109
163, 65, -852.97064209, 5909.63037109, -990.538208008, 5913.58691406, 1487.81994629
164, 65, -1058.56652832, 5911.24365234, -852.849853516, 5908.19482422, 1547.23608398
164, 69, -148.421325684, 28019.1601563, -75.892578125, 27997.1621094, 2194.97851563
165, 65, -1012.1295166, 5196.47265625, -824.872192383, 5336.87548828, 1565.15344238
166, 65, -980.065490723, 5193.90820313, -849.060058594, 5196.94921875, 1549.6583252
167, 65, -963.165100098, 4929.49267578, -842.513549805, 5057.65527344, 1567.23376465
167, 72, -621.959411621, 27207.140625, -606.05090332, 26435.8242188, 1422.23571777
168, 65, -954.307128906, 4792.22558594, -796.371459961, 4797.85888672, 1638.58557129
168, 74, -640.653198242, 24310.9667969, -639.175109863, 24307.1425781, 1842.89660645
169, 65, -946.95111084, 4661.11572266, -782.033813477, 4537.05517578, 1612.76843262
170, 65, -908.592956543, 4055.48242188, -757.712158203, 4054.85302734, 1597.59973145
171, 65, -909.118713379, 4054.37963867, -756.917236328, 4050.61914063, 1585.37695313
171, 79, -627.749938965, 23691.0664063, -563.622802734, 23685.4160156, 1989.15209961
172, 65, -901.425415039, 3929.58325195, -751.425354004, 3932.7109375, 1561.48986816
172, 79, -564.389953613, 23673.9648438, -562.524414063, 23676.9335938, 2385.28271484
173, 65, -785.788085938, 3484.56176758, -767.829101563, 3704.66870117, 1597.78613281
173, 78, 1483.7130127, -5527.37158203, 1179.28015137, -5527.28808594, 1222.81225586
173, 75, -639.506408691, 24305.6953125, -565.207946777, 23678.6621094, 1439.44848633
174, 65, -814.899719238, 3484.68066406, -739.9921875, 3704.66992188, 1598.03295898
174, 78, 1347.38183594, -5527.24121094, 1189.81555176, -5527.19335938, 1417.80285645
175, 65, -761.917236328, 3063.68481445, -678.160583496, 3061.59643555, 1619.99047852
175, 81, -626.099609375, 23625.1289063, -552.863342285, 23038.5371094, 2348.11328125
176, 78, 1260.22424316, -4874.57470703, 1259.5958252, -5132.73144531, 1587.80895996
176, 65, -729.62878418, 2962.35546875, -700.977478027, 2956.2746582, 1637.51477051
176, 81, -552.964355469, 22991.9394531, -548.614501953, 22984.4316406, 2484.30371094
177, 65, -734.686950684, 3062.4309082, -695.725097656, 2860.62963867, 1649.57324219
177, 78, 1311.37072754, -4856.5390625, 1206.93603516, -4728.74755859, 1557.59020996
178, 65, -841.385009766, 2959.78710938, -690.48638916, 2759.77978516, 1613.14538574
178, 78, 1336.1751709, -4747.31103516, 1182.44091797, -4055.00292969, 1682.95507813
179, 65, -879.556335449, 2290.68334961, -671.491699219, 2381.90380859, 1564.66833496
179, 78, 1369.796875, -4259.11132813, 1169.74633789, -4054.89331055, 1609.06286621
180, 65, -873.434692383, 2195.72485352, -676.033203125, 2470.90063477, 1576.17150879
180, 78, 1245.86486816, -3628.9375, 1173.85839844, -4030.9921875, 1655.9140625
180, 82, -542.522277832, 22405.3847656, -539.524414063, 22401.9824219, 1409.33752441
181, 65, -868.14666748, 2106.16308594, -697.55480957, 2378.90136719, 1604.28662109
181, 78, 1087.44433594, -3234.82446289, 1176.91357422, -3934.40332031, 1680.6652832
182, 65, -873.782348633, 2191.60449219, -787.838562012, 2106.57202148, 1602.21862793
182, 78, 1087.30371094, -3235.26196289, 1096.09814453, -3380.2409668, 1583.52697754
183, 65, -838.218505859, 1679.51074219, -827.221313477, 1514.95007324, 1676.77441406
183, 78, 1092.19494629, -3204.56787109, 830.686401367, -2621.7590332, 1664.02209473
184, 78, 1128.09301758, -2957.44165039, 819.086364746, -2408.89160156, 1625.33752441
184, 65, -851.978149414, 1517.78393555, -806.632141113, 1199.68603516, 1632.87219238
185, 65, -933.69128418, 1598.2088623, -834.859008789, 1276.2409668, 1572.70666504
185, 78, 972.495544434, -2257.53588867, 838.988464355, -2372.56079102, 1649.85522461
186, 65, -1013.05767822, 1052.16467285, -829.991699219, 1199.89758301, 1539.02587891
186, 78, 839.694763184, -2022.72802734, 839.485351563, -2369.67822266, 1647.66003418
186, 87, -561.059936523, 20164.8242188, -497.744018555, 19680.6230469, 1462.55163574
187, 65, -1142.33215332, 899.230834961, -825.468811035, 1125.77258301, 1597.37341309
187, 78, 732.855834961, -2022.02050781, 835.95916748, -2061.67749023, 1622.22814941
188, 65, -1114.16271973, 618.813598633, -843.203735352, 1048.58642578, 1601.7442627
188, 78, 860.630065918, -1417.06762695, 737.427124023, -1277.2064209, 1625.02233887
189, 65, -1137.15026855, 618.503051758, -964.70300293, 758.436645508, 1627.71850586
189, 78, 860.422912598, -1418.47375488, 632.933349609, -825.381896973, 1613.91992188
190, 78, 833.539733887, -611.86907959, 646.219360352, -612.071594238, 1541.69482422
190, 65, -1100.31787109, 482.23916626, -1096.97802734, 217.266265869, 1641.51049805
191, 65, -1088.76928711, 347.119750977, -1067.54833984, -91.1826171875, 1604.10644531
191, 78, 808.997558594, -388.710968018, 646.493530273, -610.060424805, 1642.48156738
192, 78, 686.431335449, -330.763000488, 669.967224121, -555.164367676, 1634.18762207
192, 65, -1111.78796387, 349.687591553, -1066.05175781, -94.257598877, 1627.63769531
193, 65, -1233.6015625, -151.639480591, -1066.39074707, -93.9887924194, 1588.95068359
193, 78, 749.951538086, 283.609588623, 689.047485352, 418.37677002, 1591.63989258
194, 65, -1206.8762207, -556.152770996, -1066.79138184, -95.7375335693, 1578.70263672
194, 78, 727.605407715, 283.306091309, 549.601806641, 828.735717773, 1667.49645996
194, 99, -967.676757813, 18694.3300781, -965.819274902, 18697.1445313, 1541.85229492
195, 65, -1200.24560547, -613.955871582, -1081.11987305, -156.627059937, 1596.77587891
195, 78, 754.361328125, 689.382446289, 560.347717285, 1052.13378906, 1623.2265625
195, 99, -1025.46459961, 18692.3671875, -968.820007324, 18697.1210938, 1207.73547363
196, 65, -1220.32556152, -614.100280762, -1144.22131348, -557.526245117, 1578.79919434
196, 78, 762.808837891, 1201.23608398, 588.591674805, 1123.80737305, 1587.49414063
196, 100, -1026.03930664, 18693.1933594, -1038.23803711, 19148.8867188, 1158.2935791
197, 65, -1156.46606445, -979.173522949, -1124.59191895, -1081.86877441, 1632.94812012
197, 78, 600.847229004, 1355.61254883, 579.189880371, 1433.17480469, 1670.42199707
197, 100, -1087.40319824, 18681.0136719, -1029.87133789, 18691.6054688, 1150.42504883
198, 65, -1235.21362305, -982.737915039, -1236.09924316, -1417.22216797, 1629.80529785
198, 78, 610.87878418, 2103.59423828, 504.875793457, 2104.84082031, 1582.7557373
198, 101, -1364.22338867, 16907.6074219, -1360.15673828, 16907.8613281, 1308.6138916
199, 78, 610.38293457, 2108.56518555, 432.021118164, 2287.58544922, 1605.48303223
199, 65, -1308.83081055, -1030.48742676, -1229.82751465, -1463.98156738, 1612.41149902
200, 78, 614.087280273, 2197.03100586, 258.475769043, 2956.63208008, 1601.71057129
200, 65, -1334.40368652, -1774.82348633, -1224.6192627, -1508.60571289, 1583.99633789
201, 65, -1249.96740723, -2101.25415039, -1242.61669922, -1508.69335938, 1589.66015625
201, 78, 590.416442871, 2858.75415039, 256.67276001, 2859.43896484, 1590.38378906
202, 65, -1255.17724609, -2180.64624023, -1200.8380127, -1687.04199219, 1578.69055176
202, 78, 429.837432861, 3064.73925781, 286.589782715, 2963.27563477, 1626.69226074
202, 108, -1799.09350586, 16498.0195313, -1769.33630371, 16116.4287109, 1252.38464355
203, 78, 232.5181427, 3060.12182617, 313.979248047, 2962.52661133, 1626.68811035
203, 65, -1215.14282227, -2219.23803711, -1112.61999512, -2332.78979492, 1566.13293457
203, 110, -1795.03491211, 15730.4023438, -1768.359375, 16092.9267578, 1385.56311035
204, 78, 246.852874756, 3930.47753906, 214.949111938, 3936.46020508, 1541.1418457
204, 65, -1226.60449219, -2370.74145508, -1178.6048584, -2693.98754883, 1584.61914063
205, 65, -1211.14611816, -2481.78686523, -1159.69287109, -2924.3137207, 1612.94506836
205, 78, 243.207290649, 3816.93823242, -27.6541786194, 4412.95556641, 1686.88574219
205, 113, -2017.42492676, 15721.9091797, -1961.16699219, 15714.6972656, 1387.01159668
206, 65, -1316.33154297, -2658.56787109, -1145.27819824, -2924.30029297, 1550.33837891
206, 78, 244.581375122, 3935.10107422, -28.7935695648, 4536.52099609, 1656.1496582
206, 114, -2179.07128906, 15714.6757813, -2178.79711914, 15707.5849609, 1166.55883789
207, 65, -1226.67919922, -3380.11767578, -1160.69348145, -2925.66381836, 1647.32043457
207, 78, 132.933807373, 4798.47900391, -154.911636353, 4787.54101563, 1600.97375488
208, 65, -1189.09899902, -3601.5378418, -1155.8684082, -2957.95751953, 1615.6171875
208, 78, -60.3880157471, 4932.35253906, -124.214637756, 4924.53466797, 1612.96044922
209, 65, -1198.48400879, -3628.54223633, -1118.6607666, -3205.22900391, 1576.57397461
209, 78, -194.67755127, 5472.68457031, -258.267211914, 5334.30419922, 1561.48413086
210, 78, -266.673095703, 5764.32958984, -338.854553223, 5908.61914063, 1671.42211914
210, 65, -1208.79150391, -3733.98046875, -1123.26379395, -3983.09057617, 1632.86315918
211, 65, -1189.04187012, -3681.78979492, -1190.04650879, -4214.3984375, 1628.37792969
211, 78, -266.807220459, 5760.83789063, -553.14654541, 6217.21386719, 1653.93164063
212, 65, -1250.88684082, -3657.17431641, -1181.7286377, -4258.73730469, 1574.16394043
212, 78, -272.102813721, 6066.41259766, -515.255981445, 6068.51513672, 1592.66809082
212, 116, -2690.08032227, 15336.171875, -2636.55126953, 15328.8681641, 1461.14367676
213, 65, -1331.23510742, -4236.90917969, -1178.00354004, -4281.16162109, 1504.01599121
213, 78, -354.931091309, 6697.36621094, -529.660705566, 6538.78710938, 1646.91052246
214, 78, -494.084381104, 6536.50048828, -569.819519043, 6697.3984375, 1647.40527344
214, 65, -1288.97827148, -4728.94726563, -1194.54748535, -4259.8671875, 1610.24731445
215, 65, -1244.78747559, -4874.984375, -1195.10327148, -4259.66064453, 1588.90734863
215, 78, -518.167297363, 7385.2890625, -630.696655273, 7389.37695313, 1537.37451172
216, 78, -591.870849609, 7386.47412109, -638.179077148, 7562.37792969, 1650.72937012
216, 65, -1245.08117676, -4875.70751953, -1181.25891113, -4592.8828125, 1568.03588867
217, 65, -1217.37145996, -4946.25341797, -1154.10961914, -5132.59228516, 1605.5201416
217, 78, -592.485290527, 7389.90966797, -673.725097656, 7569.62695313, 1573.14367676
218, 78, -631.582092285, 8511.06640625, -748.432250977, 8511.80078125, 1586.33789063
218, 65, -1469.18029785, -5382.24951172, -1196.38537598, -5441.21582031, 1531.82995605
219, 65, -1359.01623535, -5131.45068359, -1175.76000977, -5526.95507813, 1444.16271973
219, 78, -638.289550781, 8719.29785156, -716.770690918, 8713.59570313, 1637.93103027
220, 65, -1449.09179688, -5527.24560547, -1165.30627441, -5527.10058594, 1258.74414063
220, 78, -645.446228027, 8928.00195313, -805.871032715, 8927.88085938, 1552.10852051
221, 78, -645.01739502, 8937.29296875, -734.479492188, 9144.04101563, 1633.64526367
221, 65, -1512.36694336, -5527.39208984, -1175.37341309, -5527.25244141, 1078.67358398
222, 78, -652.757873535, 9144.22167969, -700.245056152, 9359.64453125, 1606.68811035
223, 78, -638.27734375, 10041.4326172, -729.625610352, 10277.8691406, 1561.53112793
224, 78, -650.845458984, 10511.6396484, -696.703613281, 10514.1542969, 1550.24255371
225, 78, -693.020202637, 10523.2949219, -737.143310547, 10522.6533203, 1501.66467285
226, 78, -526.459960938, 10777.5595703, -702.63861084, 10778.3173828, 1429.05371094
227, 78, -481.481781006, 10779.1621094, -667.307800293, 11013.4746094, 1522.0690918
228, 78, -405.67175293, 11280.0292969, -448.657318115, 11274.265625, 1445.03259277
229, 118, -426.610748291, 12669.4658203, -426.721893311, 12668.234375, 1313.71057129
230, 118, -425.792114258, 12668.1513672, -425.629241943, 12664.3066406, 1278.75756836
231, 118, -389.506896973, 12985.1113281, -429.814575195, 12980.8828125, 1139.9987793
234, 122, -93.3579940796, 13002.8681641, -139.692504883, 12993.4716797, 1201.57580566
236, 126, -45.8266143799, 14960.4697266, -45.7676925659, 14617.9941406, 1131.92944336
237, 127, -43.0958633423, 15322.6962891, -43.0237541199, 15322.6367188, 1112.19384766
250, 138, -643.335510254, 28839.328125, -231.415390015, 28042.3554688, 1588.44543457
255, 139, 853.27520752, -5527.30371094, 664.169250488, -5527.01123047, 1235.93896484
256, 139, 842.065185547, -5527.24072266, 685.051025391, -5527.08789063, 1419.33996582
257, 139, 826.675476074, -5149.28613281, 681.330322266, -5397.68261719, 1579.80163574
258, 139, 849.421447754, -4839.00488281, 696.723693848, -5275.078125, 1634.52062988
259, 139, 863.265136719, -4747.12792969, 751.794677734, -4765.36328125, 1554.60766602
260, 139, 854.356079102, -4727.39550781, 737.875244141, -4029.64111328, 1680.75927734
261, 139, 895.33026123, -4532.45263672, 753.783203125, -4006.55029297, 1646.58251953
262, 139, 897.658508301, -3959.45703125, 760.005981445, -3958.6574707, 1560.08349609
263, 139, 796.930786133, -3629.67016602, 765.237976074, -3910.7722168, 1671.51806641
264, 139, 827.10736084, -3493.24926758, 783.110107422, -3628.09082031, 1663.33764648
265, 139, 865.623779297, -3175.05395508, 769.569213867, -2893.31054688, 1624.76123047
266, 139, 865.864074707, -3174.41674805, 805.634765625, -2371.65209961, 1639.20446777
267, 139, 955.038696289, -2552.90112305, 822.590332031, -2370.70800781, 1593.42028809
268, 139, 999.624694824, -2022.95959473, 826.867980957, -2332.3359375, 1635.88427734
269, 139, 910.244384766, -1857.56628418, 833.963317871, -2258.40844727, 1638.0423584
270, 139, 1026.25952148, -1464.23376465, 902.54888916, -1372.89599609, 1589.90991211
271, 139, 1003.03759766, -1509.52941895, 794.305358887, -1080.81237793, 1626.70800781
272, 139, 1013.215271, -1418.60058594, 860.355285645, -773.150268555, 1616.04418945
273, 139, 1019.27960205, -611.106262207, 853.98223877, -612.585205078, 1568.4140625
274, 139, 962.022033691, -557.413391113, 889.718078613, -666.751831055, 1651.82446289
275, 139, 898.144042969, -90.994682312, 888.055114746, -212.943954468, 1630.22253418
276, 139, 930.334411621, 281.246459961, 861.390869141, 281.277954102, 1594.85107422
277, 139, 908.526245117, 281.522125244, 744.253967285, 899.892700195, 1601.28125
278, 139, 942.296264648, 687.598144531, 769.376342773, 904.200805664, 1612.01147461
279, 139, 948.383178711, 1051.83654785, 797.628295898, 976.491638184, 1604.4588623
279, 142, 3965.85742188, -1464.91552734, 3932.91699219, -2257.44726563, 1280.23083496
280, 139, 897.410705566, 1356.25939941, 796.465698242, 977.328796387, 1604.64233398
280, 142, 4116.28466797, -1509.94116211, 4150.44824219, -1599.03881836, 1210.88989258
281, 139, 979.12890625, 1760.86486816, 813.701171875, 1599.62084961, 1628.05419922
281, 145, -608.383361816, 19143.3417969, -552.81640625, 19143.578125, 1600.03015137
282, 139, 821.12890625, 2105.80639648, 960.204162598, 1845.7199707, 1626.70947266
283, 139, 992.332946777, 1933.20385742, 830.282409668, 2661.2199707, 1610.37634277
284, 139, 1028.08557129, 2382.30810547, 844.621643066, 2471.37133789, 1559.59875488
284, 146, -429.509552002, -5527.36572266, -586.802124023, -5527.32714844, 1235.79101563
285, 139, 1017.84863281, 2961.3996582, 857.698791504, 2661.39672852, 1666.28137207
285, 146, -240.139022827, -5527.03076172, -524.122436523, -5527.31152344, 1493.32421875
285, 156, 3996.35644531, -91.0268173218, 3754.34692383, 217.446151733, 1491.74572754
286, 139, 905.9375, 2955.34765625, 869.853393555, 2857.03417969, 1652.37805176
286, 146, -304.480133057, -4928.30859375, -528.351074219, -5275.49609375, 1567.82495117
286, 162, -1009.28100586, 18208.7324219, -994.466552734, 17765.2304688, 1235.18701172
287, 139, 977.112670898, 3591.07666016, 905.073120117, 3377.66625977, 1595.79968262
287, 146, -318.920440674, -4875.44189453, -449.905303955, -4709.64892578, 1520.13061523
287, 152, 832.238464355, -5526.94677734, 748.275268555, -5527.29833984, 1205.44665527
288, 139, 985.03137207, 3701.54663086, 879.315429688, 3933.81933594, 1621.79748535
288, 146, -303.057312012, -4727.72021484, -313.554290771, -4512.65625, 1602.48132324
288, 152, 737.161193848, -5527.00439453, 705.715759277, -5527.23291016, 1353.03674316
289, 139, 992.923400879, 3816.51367188, 939.414733887, 3935.37402344, 1602.62902832
289, 146, -258.250701904, -4006.8046875, -339.414794922, -4030.9453125, 1539.70568848
289, 152, 803.8828125, -5149.09814453, 726.694885254, -5132.63330078, 1360.35498047
290, 139, 1012.59222412, 4536.70263672, 962.799438477, 4292.68212891, 1655.1619873
290, 152, 806.628967285, -5131.68164063, 622.947570801, -4492.17382813, 1443.10302734
290, 146, -212.233230591, -3206.59350586, -341.397979736, -3982.71240234, 1594.54211426
290, 166, -1374.87414551, 16095.4658203, -1308.51135254, 15733.0136719, 1286.48864746
291, 139, 1019.83288574, 4663.99853516, 970.359130859, 4414.66845703, 1651.11621094
291, 152, 849.516906738, -4838.98291016, 639.273864746, -4451.54296875, 1411.35888672
291, 146, -228.517730713, -3176.03662109, -356.524108887, -3408.12573242, 1555.53808594
292, 146, -228.833053589, -3174.66333008, -333.259521484, -2892.99389648, 1542.44104004
292, 139, 997.313964844, 4798.71826172, 994.410522461, 4788.13623047, 1618.89746094
292, 152, 800.708007813, -4387.70410156, 664.870544434, -4451.43896484, 1400.05541992
293, 152, 682.278320313, -4169.36132813, 643.970581055, -4409.10742188, 1466.64538574
293, 139, 1005.09429932, 4934.32617188, 916.276062012, 5061.67626953, 1593.99377441
293, 146, -188.241271973, -2957.73388672, -226.305175781, -2726.88598633, 1606.71533203
293, 167, -1359.25561523, 15730.6494141, -1357.55090332, 15721.4921875, 943.54309082
294, 139, 1006.28979492, 4933.89697266, 931.595153809, 5335.78515625, 1563.22167969
294, 152, 682.294067383, -3910.12695313, 656.290710449, -4030.31176758, 1455.99902344
294, 146, -139.127593994, -2101.98730469, -255.38041687, -2295.30737305, 1525.12768555
295, 146, -71.334526062, -1643.75854492, -260.173492432, -2142.4855957, 1625.09790039
295, 139, 1068.75793457, 5914.90576172, 999.639404297, 5916.12207031, 1633.8503418
295, 152, 739.802062988, -3760.08789063, 601.522338867, -3381.25634766, 1452.03674316
295, 172, -1739.35461426, 15703.4511719, -1741.04577637, 15699.9951172, 980.445373535
296, 146, -35.8866195679, -1418.08483887, -218.598510742, -1728.71936035, 1544.98962402
296, 152, 765.468261719, -3657.21386719, 659.955200195, -3053.08300781, 1460.8079834
296, 139, 1078.44030762, 6066.00634766, 1009.2857666, 6063.13476563, 1629.87927246
296, 173, -1741.16931152, 15706.6357422, -1741.78637695, 15707.8476563, 980.445373535
297, 146, -36.1345710754, -1415.67578125, -177.090637207, -1034.04162598, 1569.31176758
297, 152, 818.512084961, -3175.5715332, 681.059570313, -2990.63085938, 1433.06982422
297, 139, 1043.82995605, 6064.04638672, 904.553283691, 6060.05273438, 1630.08129883
298, 146, -36.5611076355, -1323.5871582, -327.750823975, -667.071838379, 1586.28649902
298, 184, 2462.58056641, 3484.73022461, 2308.62817383, 3270.67504883, 1587.09594727
298, 152, 822.732299805, -2692.23046875, 647.106750488, -3021.40332031, 1486.34204102
298, 139, 1113.72583008, 7198.69824219, 930.75378418, 7198.92480469, 1606.47045898
298, 185, -1987.63354492, 15336.9521484, -2039.98742676, 15334.5986328, 1019.40460205
299, 146, -141.796966553, -610.529418945, -308.063262939, -613.577453613, 1600.48181152
299, 152, 818.539367676, -2409.3359375, 652.568115234, -2956.20776367, 1451.80944824
299, 184, 2178.80908203, 3934.46118164, 2292.05126953, 3167.30151367, 1612.07995605
299, 139, 1041.17858887, 7197.49560547, 893.406066895, 7206.24951172, 1621.24560547
299, 187, -2151.24584961, 15350.3935547, -2150.08837891, 15342.3271484, 984.67779541
300, 184, 2197.97875977, 4054.53027344, 2165.90698242, 4052.88378906, 1563.90380859
300, 152, 826.52166748, -2332.57275391, 743.233581543, -2104.30639648, 1389.35327148
300, 146, -171.019714355, -154.071060181, -309.420288086, -555.403686523, 1661.02819824
300, 139, 1014.23999023, 7375.21386719, 903.109436035, 7378.83251953, 1558.20532227
301, 146, -235.759185791, -156.17376709, -339.763824463, -272.099060059, 1650.06921387
301, 152, 826.145080566, -2333.41577148, 684.131286621, -1730.57958984, 1446.78381348
301, 184, 2165.64501953, 4056.06347656, 1921.56640625, 4055.05297852, 1651.39868164
301, 139, 987.491333008, 7568.23730469, 911.400634766, 7568.41357422, 1551.82958984
302, 146, -244.170211792, 217.646774292, -361.60534668, 347.927276611, 1618.07409668
302, 184, 2182.30810547, 4172.33007813, 1778.05737305, 4921.25048828, 1677.57617188
302, 139, 959.022949219, 7743.84033203, 911.200622559, 7568.70849609, 1626.35913086
302, 152, 845.627624512, -2142.94873047, 709.472229004, -1642.38928223, 1458.79125977
302, 191, -2297.72949219, 12994.984375, -2346.07543945, 12987.5566406, 1337.52709961
303, 152, 879.396240234, -1416.03527832, 716.530090332, -1554.58508301, 1461.73522949
303, 139, 937.989685059, 8120.80175781, 901.56652832, 8125.38867188, 1490.34509277
303, 146, -292.398254395, 346.668670654, -545.176574707, 898.910400391, 1680.87158203
303, 184, 1844.76379395, 4926.96044922, 1811.75744629, 4928.98681641, 1555.37145996
304, 139, 969.792663574, 8726.79492188, 929.963317871, 8723.05371094, 1611.73986816
304, 152, 776.71496582, -1276.87341309, 741.320800781, -1464.59460449, 1460.23352051
304, 146, -325.107788086, 687.524719238, -522.034240723, 904.312133789, 1639.84411621
304, 184, 1811.07067871, 5194.32568359, 1794.01977539, 5063.2265625, 1538.5513916
304, 189, 1042.16796875, -5527.10742188, 1052.72351074, -5527.24267578, 1404.11682129
305, 139, 929.506896973, 8718.20703125, 888.935913086, 8726.75, 1591.78308105
305, 152, 782.422851563, -982.226806641, 765.325927734, -928.439941406, 1402.80236816
305, 189, 1137.03076172, -5228.65136719, 1056.1315918, -5244.65039063, 1468.71948242
305, 190, 348.552368164, -5527.13720703, 306.443267822, -5527.29003906, 1207.73535156
305, 146, -393.866607666, 1355.26428223, -535.997558594, 1199.51782227, 1684.86437988
305, 184, 1873.48913574, 5763.64160156, 1723.71057129, 5616.95654297, 1495.50244141
306, 152, 828.131835938, -665.433654785, 733.00958252, -555.059082031, 1430.87036133
306, 184, 1753.46972656, 6221.60058594, 1647.21228027, 6218.953125, 1439.86315918
306, 139, 928.702331543, 8719.765625, 889.671569824, 8725.02246094, 1674.76696777
306, 146, -400.13885498, 1516.08459473, -591.114562988, 1354.70532227, 1672.08056641
306, 190, 425.175415039, -5351.90869141, 306.472381592, -5527.18505859, 1379.7677002
306, 189, 1165.0032959, -5149.16992188, 986.747192383, -4875.44921875, 1550.11376953
307, 152, 824.38885498, -721.319213867, 676.583190918, -152.841598511, 1428.6697998
307, 184, 1666.14758301, 6066.12548828, 1459.8548584, 6068.85693359, 1564.89770508
307, 146, -407.84552002, 1762.52941895, -565.353637695, 1846.42114258, 1624.15881348
307, 189, 1179.34655762, -5082.51611328, 998.138061523, -4593.08642578, 1569.88745117
307, 190, 413.248779297, -5367.21386719, 289.442871094, -5259.45166016, 1486.70544434
307, 139, 947.753112793, 9139.05078125, 868.201049805, 9142.03515625, 1666.84460449
308, 146, -418.492370605, 2105.03930664, -447.473632813, 2198.27709961, 1634.94335938
308, 152, 870.649353027, -152.0337677, 698.557128906, -151.741668701, 1323.99597168
308, 189, 1212.6673584, -4388.71240234, 1004.78857422, -4553.39990234, 1493.89526367
308, 139, 949.734436035, 9144.1796875, 835.649719238, 9355.50195313, 1606.43457031
308, 190, 420.786376953, -5275.80810547, 282.980773926, -4709.11181641, 1574.33361816
308, 184, 1695.6126709, 6695.20898438, 1478.28918457, 6697.59472656, 1592.55712891
309, 146, -356.2081604, 2757.36401367, -446.731689453, 2953.97705078, 1557.81994629
309, 190, 452.478759766, -4875.74707031, 287.354553223, -4612.69677734, 1542.66113281
309, 184, 1508.06616211, 7035.08251953, 1450.20117188, 7210.65185547, 1482.7755127
309, 152, 875.044799805, 154.235855103, 753.565856934, 29.5837459564, 1420.69262695
309, 139, 991.674804688, 10033.0517578, 906.261901855, 10037.2617188, 1584.23449707
309, 189, 1128.60852051, -4054.60839844, 1007.76385498, -4532.88232422, 1587.40075684
310, 146, -253.174209595, 3064.51123047, -445.967224121, 2962.97045898, 1602.26916504
310, 190, 426.121398926, -4215.08349609, 288.520629883, -4593.07568359, 1571.56481934
310, 139, 1014.30541992, 10504.4296875, 884.052001953, 10513.0693359, 1550.14587402
310, 184, 1463.15563965, 7383.64794922, 1463.04760742, 7386.00048828, 1440.30639648
310, 152, 871.912353516, 415.124816895, 731.23425293, 349.23626709, 1416.7322998
310, 189, 1066.74060059, -3934.8671875, 1045.48950195, -4146.90869141, 1612.00878906
311, 190, 447.575134277, -3885.93676758, 290.062713623, -4552.75292969, 1580.05493164
311, 189, 1106.05004883, -3860.58349609, 999.897460938, -3630.25537109, 1545.68859863
311, 139, 1026.3536377, 10756.4980469, 1026.28320313, 10758.1357422, 1794.34545898
311, 184, 1476.40197754, 7565.52197266, 1461.78308105, 7391.19335938, 1478.50793457
311, 152, 905.248168945, 827.80847168, 764.315246582, 829.673950195, 1413.08312988
311, 146, -283.852630615, 3270.70703125, -453.323455811, 3163.56323242, 1583.89453125
312, 190, 437.494873047, -3836.09277344, 314.294769287, -4055.19677734, 1515.54455566
312, 184, 1538.08203125, 8317.47558594, 1344.44055176, 8923.97265625, 1435.58483887
312, 194, 1028.34118652, 10766.1669922, 983.812072754, 10761.0341797, 1546.75683594
312, 189, 1110.51074219, -3835.31494141, 926.901916504, -3293.90698242, 1609.99682617
312, 146, -295.154907227, 3820.60595703, -473.648986816, 3823.64868164, 1542.64428711
312, 152, 910.482849121, 903.973754883, 747.551757813, 978.286437988, 1411.82128906
313, 152, 903.035644531, 1433.5826416, 753.408752441, 1434.51574707, 1350.97680664
313, 190, 437.164642334, -3836.38500977, 343.397094727, -3437.66577148, 1512.80407715
313, 189, 1107.6348877, -3205.15136719, 937.730407715, -3204.97241211, 1508.4107666
313, 184, 1552.97888184, 8513.70996094, 1277.50073242, 9142.44140625, 1374.21936035
313, 194, 1027.61450195, 10763.5478516, 1016.84759521, 10519.6660156, 1546.75683594
313, 146, -297.126342773, 3937.16381836, -485.872619629, 4170.28662109, 1567.09753418
314, 146, -282.658782959, 4666.55029297, -507.094146729, 4794.68945313, 1622.95275879
314, 190, 455.631469727, -3759.74487305, 372.269439697, -3173.87915039, 1551.80444336
314, 152, 803.502685547, 1435.38562012, 758.722229004, 1515.69238281, 1406.18066406
314, 194, 1073.25976563, 10772.1083984, 861.290771484, 11019.3818359, 1501.68359375
314, 184, 1441.56518555, 9142.16210938, 1279.0213623, 9809.50488281, 1376.18981934
314, 189, 1092.10632324, -2759.87255859, 941.694396973, -3175.00878906, 1559.42932129
315, 146, -385.601928711, 5060.41259766, -543.129333496, 4933.83935547, 1578.01330566
315, 152, 702.16796875, 1845.11730957, 818.751464844, 1678.91162109, 1420.21569824
315, 190, 507.178924561, -2989.22314453, 375.940093994, -3114.56201172, 1508.83422852
315, 194, 1066.11962891, 11540.2363281, 927.926025391, 11545.7324219, 1539.72424316
315, 189, 987.184265137, -2691.58032227, 910.576049805, -2924.31225586, 1595.70385742
316, 189, 1030.52905273, -2481.09619141, 924.70892334, -2371.359375, 1576.2722168
316, 146, -455.087585449, 5193.88964844, -552.825866699, 5196.56005859, 1560.42431641
316, 190, 529.711120605, -2656.58935547, 377.02154541, -3083.72241211, 1587.00817871
316, 152, 699.502868652, 2284.13671875, 854.751037598, 2195.39428711, 1465.14929199
316, 194, 1090.1953125, 12090.3681641, 985.927978516, 11820.3232422, 1465.98571777
317, 146, -406.348236084, 5912.89306641, -577.582702637, 5914.28173828, 1571.54553223
317, 152, 818.094055176, 2470.60742188, 754.038330078, 2289.38330078, 1465.93896484
317, 189, 1034.4276123, -2444.86572266, 845.928894043, -2142.08154297, 1594.51782227
317, 190, 531.304504395, -2371.24047852, 384.213195801, -2924.38012695, 1549.43518066
317, 194, 1106.37451172, 12383.7167969, 926.563598633, 12669.0341797, 1483.05603027
318, 146, -547.67364502, 6067.90625, -589.506286621, 6223.78955078, 1528.01940918
318, 189, 1127.50463867, -1858.62817383, 882.921447754, -1774.89135742, 1560.26171875
318, 190, 533.49041748, -2332.47607422, 428.236724854, -2063.40576172, 1523.07165527
318, 152, 708.747253418, 2959.88818359, 680.226806641, 2955.21948242, 1401.85791016
318, 194, 1071.0489502, 12687.9492188, 878.505371094, 12687.3564453, 1560.2869873
319, 146, -563.579956055, 6533.82568359, -608.361999512, 6697.875, 1574.95922852
319, 190, 536.234863281, -2295.74951172, 428.838287354, -1685.66174316, 1582.92333984
319, 189, 1062.20788574, -1643.0657959, 900.47277832, -1772.61914063, 1529.10058594
319, 194, 842.46661377, 12985.9199219, 839.270202637, 12973.3359375, 1480.73205566
319, 152, 680.969909668, 2956.45043945, 675.113037109, 2855.92333984, 1472.1060791
319, 195, -1517.88366699, 4050.31616211, -1625.47253418, 3163.61962891, 1477.60339355
320, 189, 1012.80322266, -1418.28393555, 908.868469238, -1509.49291992, 1503.68103027
320, 190, 573.555419922, -1731.32141113, 454.520629883, -1555.16333008, 1538.68029785
320, 146, -616.43951416, 7032.7109375, -660.493469238, 7200.74707031, 1625.51757813
320, 152, 713.644897461, 3592.78173828, 690.407592773, 3166.98242188, 1435.06188965
320, 194, 854.117675781, 13296.2734375, 841.514038086, 12990.3349609, 1547.02478027
320, 184, 1428.4909668, 10765.5283203, 1383.42797852, 10760.8964844, 1499.14660645
321, 189, 1095.06420898, -1032.36901855, 956.522827148, -1031.90710449, 1529.90795898
321, 190, 615.068969727, -1370.37390137, 476.546813965, -1463.25427246, 1557.54467773
321, 194, 901.073181152, 13291.0195313, 793.843811035, 12992.8896484, 1552.56628418
321, 146, -622.689880371, 7202.45800781, -734.794799805, 7205.96875, 1587.36169434
321, 152, 748.250061035, 3703.42626953, 679.89276123, 2959.82080078, 1442.26464844
322, 189, 1075.99353027, -1031.09082031, 955.96270752, -826.316589355, 1523.18261719
322, 146, -594.309936523, 7383.51855469, -675.138244629, 7562.38818359, 1537.87670898
322, 152, 728.428955078, 3930.37817383, 693.68939209, 3817.67431641, 1264.31140137
322, 194, 874.181640625, 13940.5429688, 862.280212402, 13607.7470703, 1499.57006836
322, 190, 602.284851074, -1275.89172363, 461.083343506, -1416.38195801, 1572.91052246
323, 146, -634.574401855, 7561.94726563, -680.047973633, 7747.46386719, 1552.58825684
323, 189, 1130.14672852, -721.270996094, 984.051635742, -555.377502441, 1567.03173828
323, 194, 848.178588867, 14620.9658203, 887.077026367, 14274.59375, 1542.68908691
323, 152, 747.044067383, 4291.75927734, 663.387207031, 3816.21875, 1506.75463867
323, 190, 562.049865723, -978.808349609, 463.0909729, -979.467346191, 1466.42724609
324, 146, -636.156005859, 8712.58007813, -678.949035645, 8722.11035156, 1560.97705078
324, 194, 837.477050781, 14266.3398438, 1036.29492188, 12989.4238281, 1603.97045898
324, 189, 1188.41577148, -214.479263306, 989.41809082, -501.001678467, 1519.78027344
324, 190, 533.883178711, -773.872070313, 502.213317871, -557.208618164, 1571.19836426
325, 146, -635.554382324, 8715.73632813, -679.107849121, 8718.91992188, 1479.42163086
325, 190, 628.009643555, -556.809265137, 373.879272461, -92.9958343506, 1513.18029785
325, 152, 760.062072754, 5197.00341797, 665.345275879, 4539.98144531, 1581.33569336
325, 189, 1142.22814941, 155.504714966, 1004.75439453, -329.396728516, 1484.39135742
326, 146, -641.50402832, 8934.54101563, -692.500671387, 9137.5546875, 1466.45837402
326, 190, 592.055969238, -93.6599197388, 439.542602539, -92.5481719971, 1431.56298828
326, 189, 1155.34570313, 281.851013184, 1058.20983887, 218.51675415, 1357.61877441
326, 152, 793.672973633, 5915.59277344, 794.240966797, 5912.33300781, 1455.04858398
326, 194, 1469.4395752, 12102.7568359, 1361.0723877, 12672.4179688, 1632.50878906
327, 146, -614.545715332, 9353.97070313, -705.896362305, 9582.15625, 1606.53527832
327, 190, 538.846984863, 154.713668823, 450.323547363, 156.148025513, 1525.95568848
327, 189, 1124.03198242, 415.876434326, 1038.77233887, 483.511352539, 1475.20031738
327, 152, 787.522766113, 6536.98388672, 765.763183594, 6065.79248047, 1924.37878418
327, 194, 1467.87390137, 12097.0107422, 1438.46020508, 12376.2246094, 1873.80639648
328, 190, 505.855621338, 414.135375977, 435.308319092, 347.923492432, 1536.01379395
328, 189, 1176.84570313, 484.377258301, 989.112426758, 976.46282959, 1509.50769043
328, 152, 595.007019043, 6065.09082031, 526.547729492, 5059.99707031, 2017.05212402
328, 146, -545.969482422, 9809.41992188, -677.120056152, 10033.9033203, 1476.84216309
329, 190, 547.99609375, 827.434143066, 379.372894287, 688.139099121, 1465.46655273
329, 189, 1189.10864258, 1049.73278809, 966.416320801, 974.986633301, 1498.93432617
329, 146, -526.442810059, 10760.0986328, -659.105895996, 10754.3203125, 1386.77404785
329, 152, 665.340332031, 7034.32617188, 564.987487793, 6218.68359375, 1624.17541504
330, 190, 528.629638672, 902.526855469, 387.612915039, 977.832641602, 1534.75280762
330, 189, 1137.29858398, 1278.22192383, 972.000061035, 1051.17578125, 1532.74401855
330, 152, 1411.64160156, 12691.3779297, 1426.94909668, 12967.5673828, 2116.26904297
330, 202, 488.983825684, 6069.80859375, 489.157287598, 6073.27001953, 1397.13903809
330, 146, -393.977020264, 10765.28125, -658.784545898, 10755.0371094, 1429.05371094
331, 146, -395.504272461, 10776.6513672, -616.127807617, 10771.5878906, 1471.33349609
331, 202, 451.592315674, 5918.21972656, 454.458740234, 6060.21142578, 1438.86340332
331, 190, 532.353881836, 978.466308594, 430.961456299, 1510.56359863, 1508.12573242
331, 189, 1168.07824707, 1598.40100098, 1016.78955078, 1593.53015137, 1469.54675293
331, 152, 1329.68481445, 12974.4667969, 1282.47558594, 12989.5517578, 2178.32006836
332, 146, -402.478607178, 11285.4052734, -454.941741943, 11542.4765625, 1422.00195313
332, 190, 581.194396973, 1511.7064209, 431.58782959, 1515.4822998, 1498.22851563
332, 189, 1200.06359863, 1931.27807617, 1059.44372559, 2104.49536133, 1499.82971191
332, 152, 1429.75036621, 12987.9580078, 1283.33374023, 12995.0429688, 2280.92285156
332, 202, 352.228027344, 6060.23681641, 351.2840271, 6069.77734375, 1441.3963623
333, 146, -362.662719727, 11547.2880859, -413.127563477, 11813.1513672, 1422.00195313
333, 190, 601.863464355, 1931.05932617, 437.826812744, 1677.9564209, 1538.19799805
333, 203, 1496.55651855, 13301.1279297, 1217.5690918, 13609.2587891, 1605.01184082
333, 189, 1209.8515625, 2017.46118164, 1055.41845703, 2379.08374023, 1548.86791992
333, 202, 289.588012695, 6378.19091797, 331.174285889, 6864.66992188, 1502.76647949
334, 146, -380.590698242, 12685.5859375, -428.544555664, 12682.9765625, 1319.73681641
334, 202, 289.067932129, 6533.390625, 295.352905273, 6861.48046875, 1719.54187012
334, 189, 1234.45800781, 2287.39404297, 1047.44433594, 2291.63745117, 1493.2565918
334, 190, 539.007446289, 2285.18017578, 424.31829834, 2019.81872559, 1531.12963867
334, 203, 1515.61218262, 13613.4287109, 1248.94384766, 14274.7861328, 1605.01184082
335, 190, 578.30847168, 2565.6965332, 434.274383545, 2382.23657227, 1502.47119141
335, 202, 226.634475708, 7200.32617188, 4.50199222565, 7202.48046875, 1907.1282959
335, 189, 1271.37084961, 2958.71630859, 1069.86608887, 2566.27172852, 1515.22216797
335, 146, -433.025512695, 12975.7441406, -434.465118408, 12983.5273438, 1180.3848877
335, 203, 1572.05688477, 15337.3564453, 1304.68359375, 15325.4501953, 1327.5826416
336, 190, 462.730834961, 2378.94604492, 412.810272217, 2565.67797852, 1530.46911621
336, 202, 42.4927330017, 7204.60449219, 4.41605710983, 7199.65332031, 1730.18518066
336, 189, 1196.45800781, 3060.95605469, 1084.95861816, 2758.11083984, 1516.18127441
336, 203, 1495.08911133, 14966.7753906, 1303.11413574, 15316.3671875, 1569.89013672
337, 190, 527.235351563, 2662.6315918, 423.362945557, 2860.74169922, 1512.47680664
337, 203, 1516.42504883, 15334.3896484, 1303.73034668, 15338.5644531, 1442.41931152
337, 202, -31.402387619, 7374.56494141, -34.1090316772, 7377.80664063, 1854.26867676
337, 189, 1272.03552246, 3271.59008789, 1136.46398926, 3377.8059082, 1511.69177246
338, 190, 463.217712402, 3163.40478516, 404.610015869, 3162.93603516, 1507.6340332
338, 203, 1375.14526367, 15703.4365234, 1321.66687012, 15699.3583984, 1488.37768555
338, 189, 1252.76000977, 3374.52246094, 1104.04992676, 3705.51782227, 1570.83581543
339, 190, 460.852722168, 3165.73925781, 404.994750977, 3166.4699707, 1566.86242676
339, 202, -309.097869873, 8314.53027344, -342.6378479, 8123.65820313, 1776.53417969
339, 189, 1173.1003418, 3816.92260742, 1233.44519043, 3817.00952148, 1519.19824219
339, 203, 1374.78979492, 15713.7197266, 1318.72912598, 15706.6103516, 1403.13952637
340, 190, 445.613098145, 3594.34814453, 456.175628662, 3929.71948242, 1535.39453125
340, 189, 1192.58361816, 4048.91259766, 1189.75390625, 4049.86450195, 1474.79736328
340, 202, -339.005340576, 7748.17138672, -413.718505859, 7748.32910156, 2077.54541016
340, 211, 1389.15869141, 18209.4765625, 1345.23181152, 17331.5449219, 1329.48205566
341, 190, 457.863372803, 3938.95483398, 430.148712158, 4049.69775391, 1474.08935547
341, 189, 1199.43994141, 4169.02441406, 1105.63098145, 4537.24511719, 1431.58300781
341, 214, -46.8669700623, 15703.8945313, 6.01873588562, 15712.3935547, 2285.63012695
341, 202, -812.044311523, 8124.19970703, -347.456634521, 8316.25390625, 1476.89990234
342, 190, 460.714294434, 4049.63964844, 309.38269043, 4052.75390625, 1456.87805176
342, 189, 1250.88720703, 4795.86669922, 1123.90344238, 4798.14599609, 1366.02441406
342, 202, -638.18182373, 8718.1953125, -709.884155273, 8514.50195313, 1505.92443848
343, 190, 468.230285645, 4290.73388672, 370.29296875, 4056.23901367, 1487.85839844
343, 214, 5.32847309113, 16092.5380859, 8.61231517792, 16099.1259766, 1988.99243164
343, 189, 1230.23120117, 4921.140625, 1036.68518066, 4933.67724609, 1323.33911133
343, 218, 1434.5970459, 19149.4257813, 1409.70251465, 18697.0683594, 1068.30932617
344, 228, -45.0107841492, 15733.0585938, 62.4108390808, 15731.1894531, 2134.00390625
344, 202, -996.922912598, 8729.15527344, -998.49206543, 8723.02539063, 1697.86767578
344, 190, 452.485595703, 4788.86962891, 515.778320313, 4794.34472656, 1476.46386719
344, 189, 1230.90026855, 4923.17626953, 1003.81982422, 4929.12011719, 1374.15039063
345, 189, 1127.24853516, 5764.43652344, 1057.70397949, 5760.26660156, 1507.92700195
345, 228, -46.3222923279, 16110.8720703, 64.5082092285, 16106.3642578, 1852.57519531
345, 190, 424.448486328, 4925.34375, 328.353881836, 4929.30761719, 1448.4296875
345, 232, -1063.16589355, 9149.83789063, -1265.0300293, 9145.72460938, 1609.61950684
346, 189, 1067.42663574, 5907.30029297, 1032.72290039, 5907.26513672, 1473.265625
346, 228, 8.38447189331, 17324.03125, 67.5553359985, 16912.8417969, 1766.15844727
346, 232, -1143.32043457, 9144.01660156, -1362.66467285, 9353.39453125, 1445.53210449
346, 190, 268.138580322, 5199.73242188, 272.742401123, 5474.11035156, 1527.98181152
347, 189, 1076.92553711, 6058.97460938, 999.725524902, 5919.85449219, 1440.37890625
347, 190, 311.711791992, 5766.81689453, 279.118530273, 5905.19970703, 1428.86938477
347, 228, 10.0338592529, 17770.8417969, 68.1248016357, 18212.2636719, 1731.36669922
348, 244, 275.585601807, 5765.94335938, 245.577346802, 5906.08984375, 1521.49279785
348, 189, 1063.1295166, 6376.02685547, 859.004089355, 6532.66357422, 1435.6854248
348, 245, 10.525967598, 18693.5097656, 12.2636394501, 18691.7089844, 1505.80322266
348, 246, -1555.97851563, 10267.5498047, -1624.14941406, 10037.8095703, 1238.63989258
349, 244, 278.239379883, 5916.27197266, 281.508087158, 6059.05175781, 1496.83984375
349, 190, 1086.11755371, 6220.10986328, 815.010192871, 6378.265625, 1454.5255127
349, 245, 9.80724716187, 20166.0390625, 129.668914795, 18695.9804688, 1624.37329102
349, 250, -1730.66308594, 9800.22851563, -1712.56860352, 9575.41796875, 1322.36120605
350, 190, 856.055969238, 7206.10693359, 817.727661133, 7202.58642578, 1297.05700684
350, 244, 283.016784668, 6220.24121094, 287.044036865, 6375.46289063, 1361.31481934
350, 253, 9.93344116211, 23630.6328125, 15.2362604141, 22994.5898438, 856.836242676
350, 254, -1771.09838867, 10271.6972656, -1750.92419434, 10035.9775391, 1177.97692871
351, 254, -1792.56335449, 10515.0351563, -1793.08496094, 10506.9707031, 1183.67980957
351, 257, 13.4179239273, 23039.1972656, 212.135269165, 21809.1816406, 877.270568848
352, 263, -1663.45751953, 8516.53222656, -1629.39367676, 8124.27832031, 1641.23010254
355, 269, 1620.4967041, 23039.9492188, 1623.07006836, 23035.2109375, 2158.12646484
356, 264, 159.077316284, -5527.36523438, -61.3325462341, -5527.32128906, 1276.52807617
357, 190, 124.106079102, 8519.2421875, -149.510406494, 8126.81494141, 1504.30493164
357, 264, 158.636856079, -5527.20800781, 12.8344125748, -5306.52001953, 1448.19506836
357, 284, 1649.96533203, 23632.4882813, 1652.67407227, 23628.2382813, 943.504882813
358, 264, 152.031478882, -5411.54541016, 82.7328262329, -5015.48730469, 1572.88659668
358, 190, -273.574005127, 8721.11132813, -275.586639404, 8716.16015625, 1394.97277832
359, 190, -75.1481399536, 8932.05371094, -278.072998047, 8921.80175781, 1550.58544922
359, 264, 191.425201416, -4875.11279297, 81.8714599609, -5032.24951172, 1500.83728027
359, 284, 1650.1282959, 23645.1171875, 1652.3215332, 23638.9003906, 795.958984375
360, 190, -34.8087882996, 8937.66113281, -278.041595459, 8932.32421875, 1547.37585449
360, 264, 207.24659729, -4430.48486328, 83.1161422729, -4997.875, 1583.33654785
361, 190, -78.2728881836, 9799.203125, -319.523956299, 8940.08789063, 1567.00744629
361, 264, 262.836730957, -4303.05371094, 87.0143280029, -4690.10595703, 1550.30554199
362, 190, -80.5522155762, 9804.76074219, -405.022064209, 9148.50878906, 1606.53527832
362, 264, 237.151260376, -4302.82568359, 164.005081177, -4077.9934082, 1507.5982666
363, 264, 252.667266846, -4238.03662109, 217.662704468, -3683.25292969, 1605.21057129
363, 190, -382.437225342, 10273.9833984, -509.038085938, 10031.5351563, 1584.09655762
363, 286, 1716.48205566, 24983.7519531, 1686.56933594, 24334.4433594, 675.865722656
364, 190, -390.667999268, 10509.9257813, -557.428649902, 10267.1933594, 1556.67150879
364, 264, 333.801971436, -3656.16015625, 217.481582642, -3682.76025391, 1567.45727539
365, 190, -389.523406982, 10504.875, -687.881103516, 10266.4521484, 1533.65148926
365, 264, 374.299224854, -3144.578125, 219.231689453, -3629.97924805, 1563.34643555
366, 264, 383.76159668, -2957.44726563, 224.331695557, -3466.72363281, 1607.29553223
366, 190, -433.096496582, 10518.1523438, -739.880981445, 10505.1464844, 1485.50952148
367, 264, 416.437255859, -2926.06030273, 274.266357422, -2893.52832031, 1468.75866699
367, 190, -702.257202148, 10753.078125, -742.26776123, 10514.7304688, 1502.52880859
368, 264, 400.23815918, -2924.71191406, 381.298919678, -2296.20532227, 1572.09277344
368, 190, -749.008483887, 10768.9697266, -794.819885254, 10762.8349609, 1472.47570801
368, 288, -60.8406028748, 22992.9042969, -58.2668800354, 23000.8574219, 1151.34631348
369, 190, -751.329589844, 10780.0322266, -1015.29321289, 10774.2382813, 1450.12341309
369, 264, 463.976409912, -2657.98925781, 401.51864624, -2219.64746094, 1609.05883789
370, 190, -959.599121094, 11547.5742188, -1115.69189453, 11024.6181641, 1447.1237793
370, 264, 570.678955078, -1773.34326172, 405.213378906, -2143.26782227, 1603.94433594
371, 190, -1017.98797607, 11820.2871094, -1176.90344238, 11278.4882813, 1421.43005371
371, 264, 590.214416504, -1463.98352051, 408.141998291, -2101.55664063, 1628.27526855
371, 289, -59.4897689819, 23022.4726563, -58.0987701416, 23008.8183594, 1830.30102539
372, 264, 573.870788574, -1418.88842773, 405.755004883, -1773.95373535, 1598.92260742
372, 190, -1131.27050781, 11280.3955078, -1207.23510742, 11031.5332031, 1421.67053223
373, 264, 577.377319336, -1369.93554688, 463.193084717, -978.96282959, 1559.59887695
373, 190, -1173.77746582, 12103.0849609, -1251.12414551, 11822.0009766, 1361.14465332
374, 264, 561.617736816, -1323.66015625, 504.773864746, -930.143127441, 1597.75170898
375, 264, 669.97869873, -553.914123535, 539.608520508, -665.565368652, 1610.23608398
376, 264, 719.848266602, -151.381881714, 542.758850098, -611.632568359, 1604.32385254
376, 301, -1220.39086914, 12997.0849609, -1220.8963623, 12997.1582031, 1238.61230469
377, 264, 702.206665039, -91.3600540161, 536.880187988, -330.985778809, 1578.39453125
377, 190, -1315.88696289, 12978.8818359, -1218.71557617, 12971.7207031, 1324.18969727
378, 264, 731.853027344, 347.908325195, 689.928894043, 414.654296875, 1547.35021973
378, 301, -1269.10510254, 12990.9277344, -1365.61975098, 12979.8164063, 1189.37756348
378, 306, -51.804107666, 19156.2050781, -47.824634552, 18700.6113281, 1167.29943848
378, 190, -1902.73522949, 12978.7871094, -1804.86303711, 12966.6591797, 1237.86950684
379, 264, 727.175598145, 284.407745361, 596.877319336, 830.699890137, 1569.68798828
379, 306, -53.0905418396, 19669.1054688, -50.2646026611, 19648.0664063, 1126.39123535
380, 264, 763.504882813, 829.855773926, 648.181640625, 902.624816895, 1610.86730957
380, 312, -54.9306716919, 19145.9238281, -52.0928344727, 18692.1445313, 1354.06738281
381, 264, 787.89666748, 1200.7355957, 752.250366211, 1051.76513672, 1571.68823242
381, 312, -56.9891014099, 18683.3554688, -52.6264419556, 18676.0214844, 1369.92272949
381, 313, -1770.70898438, 15316.4619141, -1748.08544922, 14966.7675781, 1047.95715332
382, 264, 767.719848633, 1278.51831055, 705.213562012, 1048.49108887, 1591.87255859
382, 312, -111.567512512, 18679.0429688, -52.1251449585, 18675.6308594, 1252.9309082
383, 264, 811.043762207, 1931.56628418, 732.976867676, 1931.9152832, 1573.10253906
383, 312, -106.118904114, 16909.734375, -49.4023704529, 16911.5117188, 1401.4354248
384, 312, -373.32244873, 15715.1992188, -50.1917877197, 15709.2871094, 1549.49182129
384, 264, 811.097290039, 1931.26306152, 695.581481934, 2195.9362793, 1598.72387695
385, 312, -374.342895508, 15727.1289063, -100.38848877, 15727.4140625, 1434.37414551
385, 264, 834.156738281, 2285.04785156, 647.317321777, 2289.02270508, 1520.66931152
385, 315, -1518.9420166, 6060.00683594, -1470.51403809, 5913.16796875, 1935.7479248
386, 264, 876.424926758, 2955.36279297, 683.630249023, 2474.5769043, 1583.93041992
386, 312, -374.221160889, 15719.1015625, -157.738937378, 15729.4882813, 1434.3269043
387, 312, -423.830444336, 15349.171875, -261.139526367, 15348.8896484, 1472.49597168
387, 264, 793.211547852, 2960.75317383, 665.981567383, 2664.07739258, 1620.67016602
388, 264, 880.898498535, 3482.16796875, 694.860778809, 3268.71289063, 1568.02734375
388, 312, -421.968811035, 15344.4394531, -262.230651855, 15345.203125, 1523.98181152
389, 264, 770.844177246, 3591.0637207, 721.805297852, 3813.53295898, 1579.24377441
389, 312, -421.822875977, 15320.3759766, -315.407531738, 15328.1220703, 1483.14892578
390, 264, 806.82989502, 3700.87841797, 724.053344727, 3818.75366211, 1581.6940918
390, 312, -481.128814697, 15701.1972656, -419.92868042, 15354.8105469, 1410.76635742
391, 264, 880.512878418, 3936.56445313, 730.04901123, 3938.62695313, 1537.55126953
391, 312, -468.475250244, 14980.7529297, -365.508972168, 14970.9287109, 1542.05664063
392, 264, 979.640319824, 4536.97509766, 748.593261719, 4288.83447266, 1609.68713379
392, 312, -462.660400391, 14622.6142578, -407.085723877, 14278.5283203, 1527.84729004
393, 264, 997.018798828, 4794.66699219, 791.451660156, 4540.83203125, 1589.80383301
393, 316, -474.732421875, 15351.8613281, -424.729736328, 15331.0927734, 1340.82678223
394, 312, -440.364807129, 13304.75, -389.790405273, 13291.3398438, 1579.31921387
394, 264, 876.04284668, 4930.09912109, 1005.10308838, 4924.89355469, 1565.09423828
395, 264, 924.19317627, 5194.67626953, 1013.33636475, 5064.15527344, 1562.85778809
395, 317, -440.071136475, 13295.2744141, -438.329406738, 13291.5947266, 1252.3260498
396, 264, 1006.10919189, 5474.8984375, 1058.70324707, 5760.42285156, 1593.78710938
396, 317, -470.859466553, 14973.1103516, -454.943481445, 14275.4462891, 1132.14282227
397, 318, -533.259155273, 12976.7402344, -430.031585693, 12690.1953125, 1467.72888184
397, 264, 964.987060547, 5907.32324219, 1069.63806152, 5918.6171875, 1654.89538574
398, 318, -678.359863281, 12980.1015625, -482.059051514, 12972.1875, 1273.97692871
399, 264, 1094.28186035, 6862.99707031, 984.598388672, 6861.99804688, 1658.81542969
399, 318, -728.060119629, 12980.8271484, -483.812286377, 12972.3027344, 1274.06555176
400, 318, -750.387390137, 12095.6757813, -744.930847168, 12095.1630859, 1604.75610352
400, 264, 1082.38366699, 6699.66015625, 912.08996582, 6862.92919922, 1625.33728027
400, 320, 695.556518555, 11544.4970703, 697.675109863, 11544.4599609, 769.689453125
401, 318, -794.268859863, 12098.6162109, -748.276916504, 12091.8291016, 1465.85168457
401, 264, 1092.72241211, 6867.65283203, 886.472961426, 7029.31738281, 1606.27185059
401, 321, 703.665710449, 11818.0117188, 433.571136475, 12092.2773438, 1350.80285645
402, 318, -786.193115234, 11817.8769531, -731.358215332, 11545.0478516, 1582.62390137
402, 264, 941.655029297, 7391.00292969, 904.074035645, 7388.25341797, 1537.39868164
403, 318, -751.463989258, 10775.8232422, -747.198913574, 10777.4394531, 1565.36425781
404, 318, -750.858215332, 10768.3769531, -704.694152832, 10774.3447266, 1475.80334473
405, 335, 877.911682129, 8514.72363281, 910.187683105, 8319.07226563, 1526.40319824
405, 318, -783.459350586, 10516.6113281, -738.784973145, 10516.8779297, 1554.71899414
406, 335, 919.288513184, 8511.95800781, 801.108215332, 8517.62988281, 1548.78942871
406, 318, -828.151977539, 10504.1455078, -739.447265625, 10506.8408203, 1602.33410645
407, 318, -818.64654541, 10263.8183594, -714.371032715, 9808.14160156, 1624.73303223
408, 339, -748.441772461, 9577.16796875, -693.892700195, 9149.45800781, 1607.11303711
408, 336, 907.17956543, 9141.67578125, 817.775268555, 8938.89453125, 1589.56433105
409, 318, -732.210205078, 9148.87207031, -692.304016113, 9140.51464844, 1568.44799805
409, 336, 696.886535645, 8937.57617188, 784.787231445, 9136.29785156, 1504.81201172
410, 318, -724.376464844, 8935.92871094, -645.716918945, 8935.95800781, 1590.88708496
410, 336, 734.496826172, 10035.3310547, 736.319580078, 10031.0644531, 1583.87719727
411, 318, -677.762573242, 8722.57421875, -637.069091797, 8714.75097656, 1679.52380371
411, 336, 702.558349609, 10271.7988281, 698.585693359, 10266.0449219, 1556.55847168
412, 318, -664.691162109, 8322.27050781, -622.159118652, 8315.11914063, 1643.38195801
412, 341, 658.867919922, 10276.2910156, 700.143127441, 10267.7929688, 1556.55847168
413, 318, -671.065063477, 8512.07128906, -615.627075195, 8123.48730469, 1706.32116699
413, 341, 672.777526855, 10753.5371094, 667.456787109, 10523.9365234, 1501.34631348
414, 318, -648.692626953, 7930.95800781, -597.126281738, 7565.07226563, 1647.33837891
414, 342, 674.276367188, 10771.6982422, 672.32220459, 10764.3066406, 1428.95043945
415, 318, -636.741760254, 7569.74169922, -554.028625488, 7390.80419922, 1573.14367676
415, 342, 732.566223145, 12684.3867188, 733.499267578, 12666.2861328, 1279.11230469
416, 318, -592.518371582, 7379.453125, -401.866363525, 7211.46386719, 1636.33410645
416, 342, 728.333312988, 12665.4501953, 702.79675293, 11819.6425781, 1397.20922852
417, 318, -587.593566895, 7209.16503906, -511.906524658, 7201.49023438, 1640.19152832
417, 344, 462.461486816, 11280.2265625, 552.235595703, 11282.5068359, 1444.97546387
418, 318, -616.88092041, 7027.98486328, -533.656188965, 6701.38916016, 1643.9029541
419, 318, -588.899597168, 6220.45214844, -514.212036133, 6069.85449219, 1662.96350098
419, 346, 352.625213623, 12986.8144531, 395.417022705, 12686.2802734, 1264.21704102
420, 318, -583.47442627, 6061.64990234, -513.924255371, 6059.83789063, 1601.49511719
420, 346, 389.891784668, 15326.9287109, 361.446136475, 13607.2607422, 1080.44030762
421, 318, -545.24597168, 5913.98583984, -373.457244873, 5919.0078125, 1637.6348877
421, 348, 357.68157959, 13292.3232422, 351.111816406, 12997.9775391, 1236.45080566
422, 318, -527.833862305, 5476.22802734, -359.071289063, 5335.36865234, 1624.73632813
422, 348, 355.193023682, 13298.1015625, 348.41708374, 12997.40625, 1186.63317871
423, 318, -517.189025879, 5057.60888672, -382.416229248, 4926.8828125, 1631.74755859
423, 348, 370.607269287, 14275.5634766, 363.50881958, 13938.8330078, 1220.2668457
424, 318, -510.822387695, 4928.50927734, -414.821014404, 4921.94482422, 1618.50378418
424, 348, 381.623504639, 14965.6240234, 380.48425293, 14963.53125, 1268.30883789
425, 318, -502.15435791, 4665.91845703, -436.439971924, 4538.48193359, 1667.8302002
425, 348, 386.954925537, 15328.2460938, 387.075683594, 15329.1826172, 1180.85595703
426, 318, -490.477905273, 4291.68359375, -407.256072998, 4661.84130859, 1671.16088867
427, 318, -478.532440186, 3939.37646484, -360.41192627, 4050.28735352, 1686.76672363
427, 348, 384.922790527, 15318.3476563, 387.079956055, 15324.3984375, 1463.43115234
428, 318, -438.245300293, 3591.98193359, -470.858123779, 3706.78881836, 1607.66333008
429, 318, -430.317016602, 3376.34643555, -504.267974854, 3814.18554688, 1595.77050781
430, 318, -558.781677246, 2958.49731445, -477.536865234, 3061.80834961, 1664.66540527
430, 351, 401.161560059, 16491.6992188, 398.192504883, 16116.1318359, 1288.38647461
431, 318, -527.243713379, 2855.47412109, -450.912902832, 3061.0234375, 1637.48901367
431, 351, 407.572113037, 16905.375, 404.628356934, 16503.234375, 1249.34179688
432, 351, 340.805267334, 16094.1611328, 395.240081787, 16108.5800781, 1381.87695313
433, 351, 392.054718018, 16100.2119141, 395.654449463, 16106.7607422, 1381.90478516
433, 318, -452.473297119, 2283.31933594, -478.077056885, 2287.140625, 1618.73242188
434, 318, -505.945526123, 1678.47058105, -576.791259766, 2106.48803711, 1666.05505371
434, 351, 419.990234375, 17761.0527344, 416.581512451, 17330.1699219, 1252.94055176
435, 318, -633.58807373, 1680.07873535, -579.069458008, 1600.46655273, 1656.58959961
435, 354, 442.582000732, 19155.3515625, 444.912750244, 19151.0078125, 1149.58837891
436, 318, -642.864257813, 1353.81628418, -578.083312988, 1596.73999023, 1687.43945313
436, 355, 444.114593506, 19164.1640625, 446.039794922, 19153.4648438, 1047.4329834
437, 318, -625.858947754, 1049.69592285, -597.190490723, 1433.7824707, 1620.42382813
437, 356, 453.664794922, 19662.1464844, 454.938873291, 19664.0742188, 1063.87927246
438, 318, -622.684875488, 978.649475098, -569.922119141, 901.83203125, 1664.10131836
438, 357, 444.309753418, 19150.5136719, 438.84487915, 18697.1347656, 1050.68225098
439, 318, -645.841369629, 977.965698242, -546.758972168, 414.513031006, 1669.6159668
440, 318, -617.813049316, 899.681884766, -540.083557129, 282.79876709, 1663.546875
441, 318, -607.68939209, -91.4264144897, -547.69342041, 29.8396396637, 1704.73083496
442, 318, -541.743652344, -501.437744141, -545.606628418, -443.839874268, 1700.44116211
443, 318, -522.342163086, -501.074584961, -492.6015625, -215.585113525, 1690.52636719
444, 318, -539.344665527, -556.366516113, -436.795196533, -982.437316895, 1712.59289551
445, 318, -556.745666504, -610.429748535, -440.032287598, -1322.53381348, 1707.37976074
446, 318, -494.324920654, -1032.74304199, -456.975006104, -1369.54443359, 1711.69824219
447, 318, -549.353210449, -1729.89123535, -456.054626465, -1371.73535156, 1740.27575684
448, 318, -454.27734375, -1816.2878418, -439.236328125, -1730.62719727, 1718.76025391
449, 318, -453.891113281, -1815.58654785, -328.469238281, -1728.39282227, 1702.62329102
450, 318, -471.3699646, -1816.60974121, -679.196777344, -2181.84838867, 1726.91687012
451, 318, -466.937011719, -1900.05712891, -807.411560059, -2296.21655273, 1673.17333984
452, 318, -510.540039063, -1774.31933594, -820.625366211, -2332.36035156, 1683.11657715
453, 318, -605.170410156, -1730.9473877, -803.621643066, -2332.25830078, 1663.65856934
454, 318, -730.062438965, -1773.17883301, -810.992248535, -2258.24658203, 1654.0670166
