0, 1, 1233.20788574, -2369.68798828, 1260.51989746, -2407.05371094, 1376.5513916
0, 2, -1105.57214355, -4006.91845703, -1078.3125, -4006.38427734, 1092.83813477
0, 3, 1774.69250488, -2062.60986328, 1795.21606445, -2372.31933594, 1374.43408203
0, 4, -1669.45007324, -2926.24365234, -1686.33703613, -2925.9152832, 1229.33081055
1, 4, -1668.3137207, -2860.53222656, -1698.24462891, -2793.65869141, 1194.17016602
1, 2, -965.445922852, -4214.01416016, -1082.33361816, -3982.90869141, 1103.95617676
1, 1, 1184.26757813, -2102.98413086, 1243.91479492, -2407.80200195, 1318.46862793
1, 3, 1461.21960449, -2517.03222656, 1761.56762695, -2369.86230469, 1347.39550781
2, 2, -931.295043945, -4345.49658203, -993.537414551, -4030.31811523, 1106.0489502
2, 4, -1647.00524902, -2956.57885742, -1445.2734375, -2760.11621094, 1246.52001953
2, 3, 1027.32080078, -2369.97875977, 1449.30810547, -2588.51074219, 1205.82165527
3, 4, -1552.23266602, -2957.04150391, -1419.2902832, -2989.06298828, 1230.6965332
3, 3, 1315.95715332, -2587.58496094, 1144.3729248, -2958.57421875, 1364.18371582
3, 2, -903.095336914, -4367.21826172, -712.599304199, -4451.34667969, 1080.18737793
4, 3, 878.295166016, -2925.78271484, 1139.59106445, -2989.85742188, 1377.00878906
4, 4, -1220.1138916, -3235.54760742, -1153.11560059, -3176.02734375, 1249.07128906
4, 2, -912.649963379, -4388.42236328, -662.246887207, -4670.91162109, 1134.89929199
5, 2, -669.732788086, -4821.16943359, -633.647766113, -4708.60400391, 1130.04797363
5, 4, -1061.0032959, -3381.12084961, -971.143249512, -3380.4519043, 1209.34606934
5, 3, 478.375823975, -3206.14868164, 1005.7243042, -2924.98974609, 1435.48864746
6, 2, -504.857940674, -5049.07958984, -722.17376709, -4472.18945313, 1154.96936035
6, 4, -967.182312012, -3294.30053711, -858.951538086, -3323.546875, 1154.64086914
6, 3, 920.109741211, -2552.67749023, 512.454833984, -3145.28149414, 1385.59643555
7, 2, -449.425689697, -5164.55566406, -544.355102539, -4875.36914063, 1144.74731445
7, 4, -781.89239502, -3602.65405273, -590.389282227, -3465.72485352, 1272.37390137
7, 3, 477.42980957, -3204.8918457, 2.19113874435, -3204.51733398, 1331.6619873
8, 3, 255.821487427, -2956.35180664, -136.041168213, -3235.72241211, 1206.70910645
8, 4, -678.216552734, -3910.55834961, -415.705535889, -3885.82519531, 1352.95080566
8, 2, -450.854003906, -5149.43164063, -270.538818359, -5352.22314453, 1120.66772461
9, 2, -403.738342285, -5165.04345703, -261.476928711, -5527.11962891, 1111.7532959
9, 4, -515.867675781, -4031.53320313, -346.505554199, -3886.20800781, 1379.88256836
9, 3, -136.92427063, -3176.35839844, -152.433288574, -3176.27270508, 1220.92175293
10, 4, -353.864440918, -4007.20874023, -328.739746094, -3958.97509766, 1335.22119141
10, 2, -292.826446533, -5527.20605469, -261.56137085, -5527.25683594, 963.369934082
10, 10, 1.62725436687, -2621.91650391, -80.0341949463, -2656.01538086, 1192.53308105
11, 10, -14.7713575363, -2658.43310547, -145.285598755, -2692.58129883, 1204.89331055
11, 4, -193.915344238, -4302.87646484, -324.412017822, -4053.86865234, 1373.09887695
11, 2, -261.333740234, -5527.30322266, -261.109283447, -5527.04003906, 813.993469238
11, 3, -655.801879883, -3052.35375977, -677.083984375, -2990.19702148, 1188.37329102
12, 3, -661.465942383, -2989.16552734, -790.581787109, -2956.28540039, 1240.42956543
12, 4, -152.848358154, -4387.98242188, -196.566802979, -4214.63330078, 1305.51525879
13, 3, -724.209716797, -2990.40356445, -1249.70678711, -3052.97363281, 1146.66369629
13, 12, -524.632751465, -2407.71948242, -538.778198242, -2444.59057617, 1163.89489746
13, 4, -110.984207153, -4552.54443359, 102.412826538, -4533.26269531, 1372.43408203
14, 12, -845.9609375, -2258.19311523, -556.012512207, -2444.94018555, 1177.9296875
14, 3, -913.883728027, -2859.24536133, -1244.67102051, -3083.6262207, 1146.41308594
14, 4, -109.935150146, -4592.796875, 180.046813965, -4856.40478516, 1430.41247559
15, 4, 1.83145689964, -4670.81933594, 180.246459961, -4875.70117188, 1384.77990723
15, 3, -1472.6920166, -2956.59912109, -1250.70361328, -3052.36694336, 1168.88720703
15, 12, -971.709472656, -2371.35083008, -700.79083252, -2332.84667969, 1158.14196777
16, 4, 193.940628052, -5149.18310547, 188.404586792, -4963.86376953, 1444.97607422
16, 3, -1663.87609863, -2957.01586914, -1271.11071777, -3020.79345703, 1158.9128418
16, 12, -970.903686523, -2371.10107422, -1061.32873535, -2332.5390625, 1123.63000488
17, 4, 357.511108398, -5396.54150391, 192.744842529, -4857.33203125, 1458.27929688
17, 3, -1750.84899902, -2989.01416016, -1532.54125977, -2892.08544922, 1128.52185059
17, 12, -971.082641602, -2369.99755859, -1459.90856934, -2408.05810547, 1135.86950684
18, 12, -1161.39367676, -2104.86108398, -1511.08813477, -2410.0090332, 1086.86706543
18, 4, 368.090545654, -5397.15136719, 456.266448975, -5115.65625, 1379.35021973
19, 4, 378.014312744, -5412.30419922, 726.944152832, -5527.27099609, 1289.57385254
19, 12, -1507.79431152, -2332.43457031, -1527.72253418, -2407.59594727, 1138.36364746
20, 12, -2004.04846191, -2407.45996094, -1528.17321777, -2407.66625977, 1075.65600586
21, 12, -1747.56958008, -2332.54272461, -1713.42199707, -2332.69213867, 1100.75549316
71, 16, 3368.23901367, 347.493591309, 3436.10131836, 346.292633057, 1560.26025391
72, 16, 3415.97314453, 280.845733643, 3320.17138672, 413.239746094, 1565.99279785
73, 16, 3460.68188477, 351.421142578, 3595.59741211, 347.046203613, 1568.87512207
74, 16, 3417.33618164, 219.281677246, 3575.60986328, 154.083679199, 1496.01928711
75, 16, 3514.21850586, -30.9860591888, 3690.03564453, -31.3054485321, 1488.85351563
76, 16, 3603.47827148, -90.384765625, 3756.19458008, -31.2107639313, 1473.3125
77, 16, 3667.78051758, -93.3163604736, 3712.76611328, -91.3998718262, 1471.71691895
78, 16, 3647.58886719, -153.27583313, 3842.01904297, -154.51210022, 1487.54699707
79, 16, 3777.68920898, -499.874633789, 3969.62890625, -273.723480225, 1544.23474121
80, 16, 3906.66894531, -271.209716797, 4057.86816406, -213.18145752, 1418.60742188
107, 17, 5008.05175781, -556.052612305, 5056.46533203, -501.951782227, 1417.72839355
108, 19, 4604.67431641, -878.803161621, 4560.15380859, -930.694213867, 1333.27734375
114, 24, 3951.4440918, -152.893371582, 4105.38183594, -91.7365646362, 1118.64929199
119, 26, 2426.34008789, -1686.89733887, 2616.70751953, -1730.47900391, 1271.8671875
120, 26, 2324.89916992, -1858.92382813, 2310.34521484, -1981.22143555, 1601.3182373
121, 26, 2234.82958984, -1857.9362793, 2086.03955078, -2021.3125, 1578.14697266
122, 26, 2446.71899414, -1030.86730957, 2050.5300293, -2021.54772949, 1491.43334961
123, 26, 2064.86035156, -1732.10583496, 2053.25927734, -1858.89282227, 1492.16394043
127, 26, 1669.65344238, -2142.01733398, 1345.82983398, -2408.60986328, 1462.14135742
128, 26, 1572.47265625, -2102.78515625, 1356.46044922, -2445.26708984, 1359.88330078
129, 26, 1207.92907715, -2180.83178711, 1334.29443359, -2480.4230957, 1340.67041016
130, 26, 1017.79528809, -2444.81420898, 1339.98571777, -2445.91186523, 1338.50915527
131, 26, 1040.34912109, -2658.70019531, 1311.29309082, -2407.24902344, 1308.82775879
132, 26, 1056.74584961, -2657.22241211, 972.292907715, -2407.0690918, 1340.23254395
133, 26, 1035.91137695, -2690.72021484, 658.816345215, -2693.17089844, 1366.43041992
134, 26, 1023.66003418, -2658.60620117, 498.491851807, -2893.03540039, 1282.94250488
134, 31, 1914.57202148, -5527.2578125, 1515.27124023, -5527.05078125, 1228.46386719
135, 26, 753.871398926, -2372.60864258, 512.167297363, -2923.68920898, 1277.27502441
135, 31, 1733.82849121, -5441.22607422, 1557.48718262, -5527.11816406, 1345.71826172
136, 26, 199.931472778, -2656.18920898, 500.973083496, -2859.34326172, 1266.01660156
136, 31, 1641.55871582, -5526.95654297, 1536.55151367, -5526.94189453, 1423.36645508
137, 26, 118.161682129, -2656.52832031, 380.35546875, -2691.83227539, 1260.19067383
137, 31, 1402.54333496, -5015.27539063, 1556.97424316, -5351.78320313, 1436.57824707
138, 26, 137.744140625, -2445.68408203, 104.612442017, -2407.7043457, 1180.01184082
138, 31, 1471.6036377, -5015.18945313, 1407.02526855, -4997.90869141, 1378.4473877
139, 26, 119.503555298, -2588.40161133, -201.770355225, -2407.28369141, 1196.41711426
139, 31, 1441.74157715, -4997.70361328, 1112.0090332, -4651.13867188, 1335.25878906
140, 31, 1432.34313965, -4802.45751953, 1106.93212891, -4612.70654297, 1317.00720215
140, 26, 37.3803291321, -2295.31518555, -184.87286377, -2406.76538086, 1159.94763184
141, 26, -239.59046936, -2257.53857422, -185.172119141, -2370.74414063, 1166.07116699
141, 31, 1179.9074707, -4492.45361328, 1097.55041504, -4592.69189453, 1321.44604492
142, 26, -404.683502197, -2062.44213867, -203.287506104, -2334.07739258, 1184.21948242
142, 31, 949.378601074, -4169.68945313, 1113.71911621, -4574.04296875, 1321.58007813
143, 31, 876.116271973, -4215.16015625, 1045.33422852, -4388.48974609, 1340.42016602
143, 26, -405.281036377, -2064.41918945, -429.344085693, -1941.37487793, 1187.63989258
144, 26, -440.560943604, -2062.66992188, -659.440856934, -1981.98950195, 1157.5682373
144, 31, 919.108886719, -4191.42529297, 667.474060059, -4054.76708984, 1243.36779785
145, 26, -447.356536865, -1941.76989746, -748.155273438, -1773.94299316, 1146.39587402
145, 31, 909.014587402, -4169.15917969, 535.497802734, -3835.41357422, 1245.69311523
146, 26, -608.930236816, -1687.45471191, -733.434875488, -1731.99255371, 1178.11938477
146, 31, 777.192993164, -3809.76855469, 533.131896973, -3860.56518555, 1210.42712402
147, 31, 564.173339844, -3655.16650391, 520.936218262, -3835.46118164, 1260.8326416
147, 26, -752.204040527, -1730.53479004, -731.037475586, -1772.47241211, 1176.90087891
148, 26, -842.09161377, -1554.47045898, -801.286987305, -1599.10949707, 1171.51818848
148, 31, 373.759521484, -3437.80566406, 522.824707031, -3810.40185547, 1260.16906738
149, 26, -915.777526855, -1373.08764648, -974.74420166, -1369.1328125, 1112.46875
149, 31, 373.403900146, -3437.8828125, 366.921844482, -3265.4296875, 1243.71154785
150, 31, 360.755096436, -3408.81738281, 155.390151978, -3236.49853516, 1209.2734375
150, 26, -911.634338379, -1415.71960449, -1118.33752441, -1131.87158203, 1099.75158691
151, 31, 370.255401611, -3207.15063477, 112.000740051, -3021.3293457, 1180.94274902
151, 26, -946.466796875, -1082.81970215, -1111.30847168, -1180.53491211, 1089.76171875
151, 35, -3295.25219727, 5765.06787109, -3294.72436523, 5765.42089844, 941.51953125
152, 26, -1089.14245605, -1032.3157959, -1123.79467773, -1081.01171875, 1097.73681641
152, 31, 271.978881836, -2956.87109375, 112.478759766, -2990.22045898, 1179.30566406
153, 26, -1129.96411133, -1033.82641602, -1149.46728516, -1033.1619873, 1089.96118164
153, 31, 130.904373169, -2860.45654297, 96.8413925171, -2959.18798828, 1209.92248535
154, 26, -1186.80615234, -721.756713867, -1288.47973633, -721.656066895, 1112.78991699
154, 31, 100.650238037, -2692.34692383, 66.3144607544, -2892.3125, 1197.37316895
155, 26, -1200.55395508, -773.188171387, -1329.56311035, -721.276550293, 1099.07727051
155, 31, 51.932346344, -2623.171875, 1.6157656908, -2517.45068359, 1175.58679199
156, 31, 68.6812362671, -2588.34667969, -172.18788147, -2219.92504883, 1162.57250977
156, 26, -1193.83886719, -666.324279785, -1365.52148438, -613.52130127, 1070.35266113
157, 26, -1311.06933594, -556.03729248, -1386.66894531, -610.242248535, 1045.13842773
157, 31, 36.5289001465, -2372.50683594, -171.17628479, -2219.93481445, 1107.73059082
157, 47, -3609.59887695, 4932.34912109, -3609.31787109, 4934.87109375, 569.157043457
158, 26, -1353.47094727, -554.635986328, -1373.92932129, -556.52923584, 1032.50732422
158, 31, -15.261141777, -2102.43017578, -172.669052124, -2181.18017578, 1110.88061523
159, 31, -156.417160034, -2141.32739258, -190.897705078, -2141.98583984, 1161.11071777
159, 26, -1459.97680664, -387.052001953, -1502.1060791, -387.832397461, 1016.76330566
160, 26, -1537.6385498, -151.056594849, -1581.62121582, -152.7552948, 955.99005127
160, 31, -176.148391724, -1982.34448242, -229.189987183, -2021.09729004, 1104.12878418
160, 52, -3610.30737305, 4923.44189453, -3608.91162109, 4921.65185547, 559.85760498
161, 26, -1548.79602051, -213.912963867, -1776.10974121, -152.520553589, 993.004150391
161, 31, -198.60635376, -1773.05651855, -310.741088867, -1729.7668457, 1062.56201172
161, 52, -3575.08789063, 4792.21679688, -3544.02783203, 4791.27001953, 622.064025879
162, 26, -1590.28613281, -94.5850296021, -1796.89379883, -155.177383423, 964.371765137
162, 31, -181.110671997, -1772.78759766, -473.821868896, -1417.37475586, 1079.86755371
163, 31, -182.909622192, -1687.68676758, -455.372375488, -1419.7409668, 1072.89770508
163, 26, -1774.81555176, -30.4765548706, -1807.58605957, -93.1355056763, 1034.05505371
164, 31, -323.984069824, -1370.59375, -455.649475098, -1416.31469727, 1084.26318359
164, 26, -1917.08227539, -91.2643508911, -1916.26953125, -93.0768432617, 933.722351074
164, 54, -3548.89624023, 4663.36035156, -3546.72973633, 4663.30322266, 704.33392334
165, 26, -1973.49414063, 91.2666931152, -1971.82019043, -32.2140426636, 1001.47784424
165, 31, -420.362609863, -1324.72644043, -473.103881836, -1415.89343262, 1066.25219727
165, 54, -3548.40039063, 4663.69726563, -2900.18505859, 4932.16894531, 672.901733398
166, 26, -2080.73144531, -33.0179405212, -2168.97387695, -32.6788749695, 1044.62646484
166, 31, -414.159667969, -1031.67907715, -473.81539917, -1030.76196289, 1033.38195801
166, 60, -3459.38476563, 4290.87207031, -3428.76391602, 4291.43164063, 758.207641602
167, 26, -2080.70507813, -33.0214691162, -2341.34887695, 154.227813721, 966.503601074
167, 31, -416.418182373, -981.676879883, -496.636657715, -978.768493652, 1054.70629883
167, 60, -3370.68334961, 4169.27685547, -3283.3840332, 4051.98535156, 722.38684082
167, 62, -3097.34643555, 4795.23876953, -3067.05541992, 4796.35595703, 694.873168945
168, 26, -2175.04882813, 217.495010376, -2314.77905273, 29.9125480652, 1032.83557129
168, 31, -374.509033203, -1031.62585449, -548.002441406, -774.096191406, 1109.55615234
168, 63, 918.110229492, 414.102386475, 1003.43121338, 350.229217529, 770.795959473
168, 60, -3344.05004883, 4052.234375, -3286.79833984, 3934.24853516, 716.418395996
168, 62, -3064.85717773, 4787.76318359, -3064.63598633, 4787.14990234, 720.907836914
169, 31, -451.113861084, -666.875915527, -553.894592285, -667.492431641, 1053.31787109
169, 65, -3382.00341797, 3823.24169922, -3350.48730469, 3820.72607422, 775.561889648
169, 26, -2361.64819336, 346.630004883, -2382.8515625, 344.935852051, 988.577758789
170, 31, -515.043762207, -611.267150879, -577.386535645, -613.171203613, 1030.62548828
170, 65, -3379.12426758, 3935.29882813, -3317.04736328, 3934.52563477, 775.561889648
170, 26, -2383.88989258, 347.965209961, -2371.25537109, 283.145721436, 968.887451172
171, 26, -2413.71435547, 481.351837158, -2536.31762695, 417.191741943, 938.191955566
171, 31, -539.286987305, -557.79675293, -598.018310547, -614.36328125, 1050.07128906
171, 67, -3378.79614258, 3935.59838867, -3375.37426758, 3930.2890625, 774.32635498
172, 26, -2400.17529297, 417.589538574, -2580.92382813, 415.951629639, 942.638366699
172, 31, -640.401672363, -272.485626221, -679.04888916, -329.884460449, 990.737426758
173, 26, -2437.16967773, 481.788513184, -2597.45263672, 482.090759277, 964.870361328
173, 31, -682.937255859, -272.627990723, -747.530761719, -271.364257813, 1035.96484375
173, 67, -3401.52880859, 4171.52636719, -3313.09985352, 4049.75219727, 692.194213867
174, 31, -687.286132813, -214.997085571, -826.22088623, -94.5899200439, 1022.39337158
174, 26, -2535.83447266, 618.532531738, -2612.55444336, 549.171081543, 948.556762695
174, 68, -3547.13061523, 4663.13818359, -3404.61889648, 4049.37011719, 691.11151123
175, 31, -716.436279297, -90.8780136108, -760.576538086, -91.5228118896, 1022.4487915
175, 72, -2638.90771484, 759.495483398, -2629.39941406, 620.08795166, 1489.1776123
175, 67, -3373.87988281, 4053.4440918, -3197.27978516, 3935.27612305, 437.245727539
176, 31, -747.241149902, 30.6374187469, -831.181640625, -31.0864028931, 1007.34161377
176, 26, -2679.85180664, 828.996948242, -2685.97436523, 758.460327148, 923.85168457
177, 31, -720.591308594, 282.297515869, -862.567138672, 90.5877380371, 1007.34161377
177, 26, -2761.48925781, 974.258361816, -2856.28051758, 973.659912109, 791.735839844
178, 31, -877.564880371, 283.709991455, -927.753417969, 346.265319824, 1004.1630249
178, 26, -2790.94238281, 900.869384766, -2884.89282227, 898.084655762, 851.182312012
179, 31, -860.576049805, 347.137207031, -980.444458008, 414.537597656, 969.8515625
179, 78, -3403.74633789, 4049.61889648, -3347.51318359, 3938.50366211, 740.269592285
180, 83, -3347.62963867, 3812.84765625, -3289.61425781, 3812.97680664, 818.688781738
180, 31, -882.643371582, 348.985992432, -958.006713867, 414.340332031, 954.092651367
181, 31, -952.256958008, 618.20526123, -1015.7824707, 549.557250977, 944.277893066
182, 75, -3194.33618164, 3268.14086914, -2439.52172852, 3931.21948242, 910.21661377
182, 31, -981.67767334, 689.283996582, -1061.37402344, 551.798583984, 966.035461426
183, 31, -992.970825195, 827.516052246, -1074.5246582, 687.739196777, 949.982177734
183, 93, -3015.96875, 1513.50402832, -3015.68481445, 1516.35302734, 853.752380371
184, 96, -2989.46459961, 1512.84277344, -2866.45800781, 1517.67712402, 916.503051758
184, 91, -3085.35791016, 3700.12890625, -2974.23461914, 3592.66674805, 876.916015625
184, 31, -1024.20947266, 903.741821289, -1142.68859863, 904.445251465, 953.878051758
184, 75, -2401.38500977, 3704.33862305, -2419.52050781, 3810.8762207, 833.54486084
185, 31, -1030.8963623, 975.068908691, -1174.52783203, 977.058227539, 913.922241211
185, 96, -2827.89599609, 1356.4005127, -2688.36181641, 1510.85510254, 975.234985352
185, 75, -2768.9909668, 3168.23413086, -2783.87915039, 3375.23095703, 689.788879395
186, 96, -2821.27880859, 1431.66394043, -2577.79956055, 1354.07214355, 972.045288086
186, 31, -1133.16455078, 1051.88366699, -1183.00146484, 1048.47814941, 943.98223877
187, 96, -2620.10888672, 1435.60192871, -2596.99511719, 1435.75598145, 1127.08520508
187, 31, -1165.15563965, 1125.70996094, -1183.05053711, 1052.70947266, 943.98223877
187, 103, -2297.48095703, 3066.34155273, -2295.18579102, 3067.30273438, 689.179504395
188, 96, -2414.82543945, 1276.7121582, -2430.9621582, 1356.68457031, 1158.37988281
188, 31, -1171.68725586, 1201.7545166, -1190.21630859, 1124.04919434, 943.98223877
188, 100, -2313.66796875, 3164.60791016, -2311.85327148, 3162.01977539, 684.486938477
189, 107, -2300.40161133, 1200.23413086, -2363.83544922, 1278.77282715, 960.252380371
189, 105, -3038.39379883, 2958.8581543, -2980.48852539, 2954.72631836, 961.281982422
189, 31, -1196.55541992, 1433.16564941, -1221.67089844, 1431.75, 932.427368164
190, 31, -1204.76794434, 1515.03845215, -1230.71044922, 1513.16601563, 857.244812012
190, 107, -2212.79956055, 1124.4510498, -2139.77392578, 1126.2677002, 984.749206543
190, 109, -2981.16918945, 2955.21020508, -2953.38989258, 2952.76318359, 795.559814453
191, 107, -2174.90893555, 1049.56628418, -1895.03051758, 977.0234375, 976.171142578
191, 31, -1212.87597656, 1595.05773926, -1230.4107666, 1518.05627441, 835.031799316
191, 109, -3008.90795898, 2954.82617188, -2903.23413086, 2858.17407227, 842.329223633
192, 31, -1238.58239746, 1598.19299316, -1238.18737793, 1599.86743164, 863.82598877
192, 107, -1968.10095215, 978.448425293, -1776.27209473, 974.085449219, 1014.77844238
193, 107, -1799.61242676, 975.340942383, -1752.93188477, 976.172790527, 1132.71508789
193, 113, -2800.81762695, 2382.66674805, -2738.57421875, 2471.37744141, 1018.90802002
194, 107, -1728.8782959, 979.031311035, -1534.55895996, 975.266418457, 971.466918945
194, 110, -2780.55419922, 2290.59423828, -2718.54052734, 2377.31469727, 574.993530273
195, 112, -2152.54345703, 2379.65771484, -1543.97143555, 1052.17749023, 1039.01696777
195, 110, -2779.25, 2283.9621582, -2646.28735352, 2284.62524414, 510.543334961
196, 113, -2152.22314453, 2377.484375, -2125.17211914, 2376.79663086, 970.588745117
196, 107, -1453.51525879, 899.893554688, -1102.26782227, 972.192016602, 1051.96228027
196, 110, -2759.95385742, 2195.33325195, -2627.74072266, 2196.54174805, 1012.88146973
196, 123, 3438.34423828, 282.081756592, 3413.92651367, 349.502502441, 1490.04833984
197, 113, -2137.60961914, 2282.6027832, -2109.64135742, 2282.89477539, 966.464660645
197, 123, 3338.94555664, -33.4699897766, 3490.23999023, 29.0862884521, 1506.49255371
197, 110, -2760.0324707, 2191.51025391, -2558.51660156, 2108.6418457, 1030.2911377
197, 107, -1367.05297852, 973.753112793, -994.039306641, 827.466369629, 1065.64172363
198, 113, -2137.85400391, 2291.1472168, -2004.33081055, 2291.55639648, 954.627624512
198, 123, 3301.86572266, -151.54347229, 3514.7097168, -95.7822036743, 1532.63293457
198, 110, -2714.74047852, 2106.98583984, -2583.078125, 2106.87548828, 977.51171875
198, 125, -1521.00061035, 2286.22924805, -1495.76086426, 2288.25, 883.622558594
198, 107, -1054.03271484, 974.363464355, -1102.25756836, 977.552734375, 995.83782959
199, 113, -2028.39099121, 2107.0390625, -1936.34960938, 2193.19555664, 812.464782715
199, 107, -976.135131836, 902.270629883, -789.778991699, 974.380432129, 1053.06311035
199, 123, 3388.9753418, -214.224777222, 3561.06665039, -214.707839966, 1544.68237305
199, 110, -2599.52124023, 1930.56835938, -2547.1496582, 1932.20947266, 1015.68823242
199, 125, -1509.94213867, 2198.8918457, -1510.20495605, 2194.93847656, 853.723388672
200, 126, -2095.45629883, 2197.88500977, -1938.41320801, 2200.06713867, 695.473083496
200, 107, -819.906066895, 1051.02905273, -795.493530273, 1051.58300781, 1007.08435059
200, 123, 3331.87011719, -387.93069458, 3585.18139648, -330.249359131, 1518.98193359
200, 127, -1532.57666016, 2383.16821289, -1532.68127441, 2378.92602539, 835.809631348
200, 113, -2589.46435547, 1760.48962402, -2530.07104492, 1846.56433105, 597.362976074
201, 123, 3602.55957031, -95.634223938, 3799.35229492, -152.042053223, 1373.11657715
201, 129, -2598.16503906, 1680.76208496, -2513.47509766, 1760.6685791, 1085.41687012
201, 107, -770.5625, 1048.46264648, -634.162231445, 1199.81652832, 1123.45324707
202, 129, -2530.21435547, 1597.84545898, -2479.32666016, 1597.33874512, 1085.31604004
202, 107, -775.067016602, 1124.90869141, -581.819946289, 1125.34094238, 1149.24377441
202, 123, 3502.33251953, -387.268371582, 3671.26977539, -387.338317871, 1379.64135742
203, 129, -2925.02612305, 2106.31738281, -2479.13989258, 1593.98095703, 1106.07568359
203, 113, -1897.61877441, 1932.38049316, -1922.31628418, 2104.63452148, 868.341186523
203, 123, 3646.66015625, -92.7304534912, 3928.55981445, -213.432571411, 1304.74743652
203, 107, -625.841003418, 1512.74804688, -600.549987793, 1515.75085449, 1137.62817383
204, 134, -1857.79089355, 1678.14526367, -1834.08300781, 1680.99414063, 817.235900879
204, 123, 3776.69360352, -155.260894775, 4013.56567383, -272.124694824, 1333.93469238
204, 107, -612.604125977, 1278.39880371, -596.186828613, 1432.11279297, 1220.43725586
205, 134, -1821.72705078, 1599.62915039, -1820.99816895, 1599.87414551, 815.74407959
206, 137, -1808.24926758, 1517.95300293, -1818.38049316, 1593.7166748, 839.502258301
206, 123, 4257.69384766, -93.5782241821, 4366.20605469, -94.9675979614, 1202.9161377
207, 137, -1781.96081543, 1514.00183105, -1782.69726563, 1516.07507324, 940.514343262
208, 142, -1732.17773438, 1512.59020996, -1657.90820313, 1514.76525879, 910.298706055
209, 132, -2783.06445313, 1598.22387695, -2681.70141602, 1598.51489258, 1029.0925293
209, 143, -2284.29492188, 760.433776855, -2266.25537109, 901.672058105, 724.016296387
209, 137, -1635.7454834, 1355.83764648, -1622.38269043, 1435.69177246, 963.910217285
210, 132, -2739.30761719, 1516.86584473, -2706.17260742, 1593.21411133, 1156.07666016
210, 143, -2314.18530273, 901.425170898, -2290.33911133, 903.264526367, 1009.24310303
211, 132, -2714.77661133, 1517.49401855, -2655.26831055, 1592.8404541, 1244.91479492
211, 145, -1593.38024902, 1049.28283691, -1590.68579102, 1200.12414551, 1169.83642578
212, 132, -2712.81103516, 1511.375, -2637.47021484, 1513.26342773, 1100.05200195
212, 146, -2160.56958008, 482.958770752, -2114.29296875, 484.215576172, 801.479919434
212, 145, -1570.06848145, 1049.23388672, -1579.28234863, 1124.87817383, 828.420288086
213, 132, -2670.8125, 1434.15087891, -2620.43310547, 1433.88244629, 988.666503906
213, 145, -1559.57641602, 975.467346191, -1558.95861816, 979.672668457, 864.271362305
213, 146, -2219.07983398, 549.718505859, -2091.99267578, 483.679229736, 770.300109863
213, 143, -2179.4296875, 2378.16015625, -2282.84130859, 2198.62744141, 892.571716309
214, 132, -2695.7487793, 1432.73046875, -2603.06420898, 1354.63928223, 1040.65026855
214, 146, -2152.43603516, 218.981033325, -2043.17016602, 346.545074463, 880.467041016
214, 145, -1530.24145508, 757.43347168, -1516.07446289, 829.509399414, 907.664001465
214, 143, -2427.42700195, 2852.14624023, -2336.14428711, 2197.82202148, 844.190795898
215, 132, -2594.89233398, 1200.67480469, -2552.50390625, 1124.52233887, 1204.56567383
215, 146, -2094.08300781, 31.0392131805, -2031.05737305, 281.351318359, 880.182739258
215, 145, -1539.86889648, 828.813476563, -1516.90539551, 831.256286621, 890.799621582
215, 143, -2191.0859375, 2285.78979492, -2309.32446289, 2198.79345703, 679.178710938
216, 146, -2026.93237305, -89.989982605, -1994.19445801, -30.4270858765, 908.486572266
216, 132, -2536.86206055, 1051.17578125, -2536.6484375, 1051.18273926, 1415.36730957
216, 145, -1493.765625, 484.151062012, -1479.64697266, 551.122680664, 902.732055664
216, 143, -2149.4765625, 2194.09277344, -2197.50415039, 2016.8536377, 938.596496582
217, 146, -2047.81604004, -93.3114852905, -1960.99853516, -92.6620178223, 911.288696289
217, 145, -1483.9329834, 418.88381958, -1479.26147461, 550.058349609, 917.994567871
217, 132, -2520.29003906, 976.933532715, -2261.74243164, 1513.49462891, 1325.453125
218, 146, -1993.38452148, -151.910842896, -1982.00634766, -93.2982177734, 943.510314941
218, 145, -1483.69946289, 416.693359375, -1468.80847168, 483.060577393, 896.537414551
219, 145, -1457.11413574, 219.50088501, -1443.73400879, 283.338287354, 911.46081543
219, 132, -1999.63244629, -445.473205566, -1896.27270508, -329.721679688, 1247.25927734
219, 143, -2088.62646484, 1680.23522949, -2175.51977539, 1598.28051758, 881.942687988
219, 150, -2545.73486328, 976.569702148, -2521.31738281, 976.747741699, 1034.35925293
220, 145, -1458.26611328, 217.938476563, -1465.24230957, 282.384460449, 890.459411621
220, 146, -1968.32971191, -499.597839355, -1895.60668945, -330.566925049, 978.13470459
220, 143, -2087.56494141, 1678.85986328, -2102.49365234, 1761.94226074, 848.175170898
220, 150, -2568.74584961, 974.683959961, -2504.7434082, 901.487121582, 1147.99255371
221, 154, -1545.74597168, -92.5970611572, -1424.24731445, -32.1469268799, 1278.68237305
221, 155, -1884.61560059, -610.737731934, -1822.74267578, -610.905578613, 901.788818359
221, 132, -2390.09082031, 483.816040039, -2405.60595703, 551.014099121, 1496.20898438
222, 155, -1873.67224121, -666.600769043, -1821.65539551, -613.83605957, 949.510192871
222, 145, -1536.51757813, -153.529190063, -1437.78942871, -91.8252716064, 947.656188965
222, 156, -2390.15722656, 481.312988281, -2391.23486328, 483.56262207, 1053.73205566
222, 143, -2318.36499023, 2101.56103516, -2265.79785156, 2104.60888672, 704.621032715
223, 145, -1515.73730469, -151.118759155, -1458.78283691, -93.7262573242, 929.137390137
223, 156, -2391.22875977, 482.61138916, -2413.04614258, 483.417358398, 1124.57116699
223, 154, -1803.77893066, -930.474304199, -1783.53137207, -928.271911621, 1463.99633789
224, 145, -1486.52197266, -498.963531494, -1473.31677246, -444.31350708, 1005.91644287
224, 156, -2383.39160156, 348.651519775, -2361.59375, 347.608032227, 1113.78027344
224, 154, -1756.56591797, -1081.27416992, -1745.37390137, -1030.03808594, 1178.13598633
225, 145, -1507.21276855, -498.964172363, -1473.24133301, -444.746643066, 1005.91644287
225, 156, -2383.37890625, 349.518463135, -2362.70410156, 350.239837646, 1149.16296387
225, 154, -1747.35437012, -1130.31933594, -1725.39160156, -1033.69677734, 1204.4161377
226, 145, -1511.15686035, -613.431152344, -1477.36450195, -557.84967041, 993.330688477
226, 154, -1692.66040039, -1323.28686523, -1560.2355957, -1417.66784668, 1050.37792969
226, 161, -2279.01074219, -30.3783245087, -2278.10449219, -32.7445716858, 1228.08349609
227, 154, -1683.87731934, -1371.51330566, -1489.44909668, -611.210388184, 994.461975098
227, 157, 600.59576416, -5527.3828125, 495.365356445, -5527.34130859, 1266.1505127
228, 157, 589.96295166, -5527.28369141, 437.324188232, -5213.08691406, 1322.2557373
228, 161, -2265.32055664, -91.9195709229, -2256.99121094, -30.3239078522, 1010.24591064
228, 154, -1625.74511719, -1687.04199219, -1482.23962402, -666.797973633, 1203.49414063
229, 157, 553.518920898, -5276.18310547, 425.775787354, -5212.76660156, 1395.20007324
229, 145, -1456.38085938, -980.310119629, -1434.54394531, -980.554748535, 1028.61108398
229, 154, -1608.65759277, -1775.52441406, -1507.35522461, -1731.74804688, 1454.95788574
229, 169, -2230.81542969, -154.808181763, -2231.19116211, -151.52897644, 1353.56054688
230, 157, 493.994995117, -4946.02050781, 432.180664063, -5132.82226563, 1375.92370605
230, 145, -1474.53271484, -982.518066406, -1435.27233887, -980.942077637, 1036.38037109
230, 154, -1600.77514648, -1816.63208008, -1475.2244873, -1816.08093262, 1116.25842285
230, 169, -2205.85253906, -272.526123047, -2239.06689453, -212.906433105, 1333.90197754
231, 164, 1273.84472656, -5527.31884766, 1126.37548828, -5527.25585938, 1140.0234375
231, 157, 477.812103271, -4553.73730469, 385.101806641, -4998.87060547, 1416.2635498
231, 145, -1396.66333008, -1369.67810059, -1398.63208008, -1228.71398926, 966.256469727
231, 154, -1528.55493164, -2023.21337891, -1420.31506348, -2143.33105469, 1093.89245605
231, 163, 1841.56335449, -5527.26464844, 1662.5513916, -5527.27050781, 1307.66345215
232, 175, -2200.74536133, -388.621276855, -2103.06103516, -31.4192066193, 1381.03393555
232, 145, -1395.68579102, -1371.1418457, -1364.24609375, -1324.14758301, 979.961486816
232, 157, 400.394073486, -4592.83496094, 359.62701416, -4651.68164063, 1365.5546875
232, 164, 1252.8137207, -5527.29101563, 927.009338379, -5526.97705078, 1204.26586914
232, 154, -1550.46618652, -2101.4519043, -1443.30151367, -2104.140625, 1240.68701172
232, 163, 1641.51855469, -5526.94873047, 1588.95117188, -5527.06542969, 1368.78027344
233, 157, 402.947235107, -4553.47070313, 235.512130737, -4345.93798828, 1350.33703613
233, 164, 1179.45983887, -5527.11523438, 923.784729004, -5426.46386719, 1292.52441406
233, 163, 1619.01281738, -5396.48193359, 1588.7454834, -5527.11279297, 1424.16833496
233, 154, -1516.87841797, -2372.53662109, -1411.14038086, -2295.86181641, 1142.56188965
233, 175, -2164.82568359, -557.522399902, -2134.18579102, 349.221099854, 1408.06640625
233, 145, -1389.13977051, -1416.88513184, -1350.96252441, -1415.4197998, 1019.44268799
234, 157, 397.918151855, -4236.93652344, 202.698028564, -4124.16503906, 1311.26794434
234, 154, -1455.0246582, -2622.76831055, -1391.17260742, -2409.44042969, 1114.41540527
234, 145, -1329.67749023, -1686.24755859, -1201.02062988, -1687.57421875, 1026.12121582
234, 164, 981.60760498, -5228.64648438, 939.210144043, -5396.94775391, 1329.07958984
234, 175, -2153.97314453, -611.495544434, -2043.21594238, -444.326538086, 1087.46020508
234, 163, 1475.17651367, -5131.89355469, 1448.83239746, -5148.22021484, 1393.47827148
235, 154, -1454.83459473, -2622.05664063, -1333.16955566, -2658.37011719, 1121.29907227
235, 157, 303.813323975, -3982.98071289, 204.420623779, -4078.19042969, 1301.53430176
235, 175, -2130.63891602, -719.744445801, -2060.88378906, -558.468261719, 1152.04443359
235, 145, -1323.15612793, -1728.74816895, -1273.73925781, -1686.98583984, 1021.59906006
235, 164, 854.772338867, -4963.24169922, 907.475463867, -5397.10839844, 1405.23535156
236, 157, 246.748687744, -3656.35888672, 192.981185913, -4007.48828125, 1334.34484863
236, 154, -1454.48376465, -2622.92675781, -1286.92773438, -2926.41381836, 1133.0748291
236, 163, 1430.34399414, -4857.14208984, 1183.08557129, -4728.66015625, 1332.23937988
236, 145, -1244.17614746, -2021.48461914, -1194.9510498, -1858.9362793, 1010.41448975
236, 174, -2075.78833008, -878.721862793, -1987.22570801, -613.380004883, 1293.00305176
236, 164, 839.419433594, -4911.03125, 828.603393555, -4980.69873047, 1344.4888916
237, 157, 204.765914917, -3628.74194336, 147.248596191, -3602.91113281, 1302.8260498
237, 163, 1276.34692383, -4689.90478516, 1170.64929199, -4728.20263672, 1330.94299316
237, 154, -1367.49536133, -2925.78540039, -1266.77697754, -2956.32495117, 1126.70605469
237, 175, -2062.35253906, -1031.61999512, -1943.79919434, -930.495483398, 1112.76928711
237, 145, -1232.17626953, -2101.67626953, -1144.37194824, -2101.01245117, 1058.79602051
237, 164, 835.228088379, -4857.51220703, 672.608459473, -4821.09960938, 1294.88378906
238, 163, 1197.53491211, -4592.9296875, 1158.22509766, -4727.83789063, 1352.29187012
238, 154, -1240.76281738, -3293.73632813, -1235.13427734, -3143.91821289, 1219.92004395
238, 145, -1243.640625, -2142.90454102, -1126.81433105, -2104.92211914, 1085.6965332
238, 157, 220.637451172, -3548.26855469, 105.77809906, -3408.56860352, 1283.39038086
238, 175, -1951.77832031, -1370.66040039, -1874.43481445, -1277.07666016, 1218.40991211
238, 164, 550.088378906, -4592.64453125, 811.427307129, -4857.61621094, 1360.33349609
238, 180, -2837.29516602, 4933.24609375, -2836.20581055, 4934.46289063, 521.142456055
239, 157, 227.748916626, -3323.71948242, 17.8538608551, -3174.95385742, 1238.97180176
239, 164, 639.369262695, -4450.93847656, 563.95880127, -4573.74023438, 1311.45251465
239, 145, -1141.93200684, -2371.64599609, -1051.71728516, -2408.8425293, 1069.7644043
239, 154, -1211.43884277, -3380.47558594, -1164.19116211, -3204.80786133, 1168.80432129
239, 163, 1035.96728516, -4366.98339844, 1054.91149902, -4409.23876953, 1337.44433594
239, 175, -2051.15673828, -1081.76452637, -1923.28100586, -1032.52661133, 1269.28869629
240, 163, 1037.54272461, -4280.61865234, 948.44342041, -4258.60839844, 1293.43322754
240, 145, -1136.44458008, -2408.82226563, -1068.42492676, -2408.45385742, 1054.07641602
240, 164, 518.992126465, -4366.97070313, 551.497314453, -4572.55371094, 1296.45507813
240, 184, -2045.87255859, -214.198867798, -1927.61450195, -154.055862427, 964.730712891
240, 157, 129.123519897, -2989.04052734, 3.0710580349, -3144.60058594, 1243.73254395
240, 154, -1210.57714844, -3381.18676758, -1022.07635498, -3548.43383789, 1212.21459961
240, 175, -2040.64941406, -1130.47583008, -1913.99536133, -1180.10961914, 1267.37670898
241, 154, -1186.7520752, -3438.25512695, -973.630065918, -3682.57641602, 1184.57678223
241, 184, -1988.5690918, -501.741546631, -1864.03356934, -611.823059082, 1224.38635254
241, 157, 113.831825256, -2926.44189453, 3.04901981354, -3083.11376953, 1250.5793457
241, 163, 1021.76318359, -4213.51269531, 882.177368164, -4169.39501953, 1328.51171875
241, 164, 419.826934814, -4101.14208984, 477.180725098, -4236.31054688, 1333.73449707
241, 145, -1121.41723633, -2517.4597168, -1068.515625, -2408.63623047, 1030.76379395
241, 175, -1970.2019043, -1372.7409668, -1856.08190918, -1370.13366699, 1314.75854492
242, 157, 1.92983913422, -2693.2331543, -14.982591629, -2727.22973633, 1250.92932129
242, 163, 970.033996582, -3835.93261719, 828.292602539, -3959.33325195, 1249.65869141
242, 184, -1987.88183594, -611.387695313, -1844.10351563, -610.769226074, 1202.03295898
242, 164, 421.201690674, -4077.72680664, 315.335357666, -4031.17553711, 1263.88684082
242, 154, -1022.27966309, -3836.52880859, -966.291381836, -3734.14282227, 1218.62683105
242, 175, -1989.87988281, -1369.58105469, -1932.0480957, -1372.24145508, 1276.1895752
243, 164, 422.239440918, -4053.69848633, 171.574447632, -3784.95092773, 1246.67712402
243, 157, -14.0410470963, -2622.79907227, -97.0397033691, -2623.36499023, 1231.96716309
243, 163, 833.198120117, -3811.00585938, 767.395690918, -3886.35888672, 1294.57568359
243, 184, -1987.24743652, -613.623535156, -1843.51257324, -611.164306641, 1236.23803711
243, 175, -1950.54748535, -1642.65307617, -1921.37231445, -1598.28369141, 1372.25512695
243, 145, -1012.01702881, -2958.43432617, -902.107116699, -2958.65405273, 1100.76904297
243, 154, -911.616271973, -4123.61865234, -920.936767578, -3861.74145508, 1576.2076416
244, 154, -908.218444824, -4147.11474609, -866.333984375, -4053.9855957, 1215.76452637
244, 157, -117.673851013, -2296.31860352, -272.36428833, -2296.67749023, 1118.39880371
244, 175, -1920.91247559, -1772.63110352, -1893.22570801, -1729.68334961, 1428.95605469
244, 184, -1924.48620605, -827.053527832, -1823.8079834, -720.396972656, 1285.71313477
244, 164, 303.360046387, -3682.02026367, 143.514862061, -3785.53198242, 1219.89099121
244, 163, 687.038818359, -3575.10644531, 683.274414063, -3759.6472168, 1261.25463867
244, 145, -894.830200195, -3021.44775391, -850.150695801, -2989.59082031, 1079.45666504
245, 175, -1920.90112305, -1774.39013672, -1829.48083496, -1772.89697266, 1133.0604248
245, 157, -137.53742981, -2181.6953125, -272.923370361, -2295.86816406, 1203.36877441
245, 184, -1955.31408691, -773.489807129, -1862.82531738, -613.954650879, 1233.65527344
245, 163, 704.112426758, -3548.90405273, 609.160217285, -3466.34545898, 1269.00439453
245, 164, 134.047622681, -3521.1796875, 157.49609375, -3785.36425781, 1247.79040527
245, 154, -862.497375488, -4192.24707031, -655.41217041, -4389.01904297, 1599.40795898
246, 163, 646.060974121, -3380.66552734, 508.371795654, -3205.63989258, 1208.14453125
246, 154, -822.060180664, -4387.71337891, -625.069885254, -4552.1640625, 1222.93737793
246, 184, -1913.90698242, -981.342224121, -1794.65600586, -979.516540527, 1115.05639648
246, 164, 90.9260406494, -3437.43066406, 117.748970032, -3601.703125, 1231.00500488
246, 157, -245.553375244, -2064.32324219, -279.210266113, -2102.62451172, 1185.78393555
246, 175, -1893.65576172, -1898.9699707, -1717.69885254, -2061.07763672, 1545.97119141
247, 184, -1923.22460938, -1032.43383789, -1805.41064453, -1030.48864746, 1129.12353516
247, 163, 616.142883301, -3205.35327148, 492.687194824, -3205.8046875, 1185.64196777
247, 154, -607.535339355, -4727.61865234, -610.692504883, -4573.18310547, 1279.34985352
247, 175, -1858.66137695, -1981.67687988, -1733.81811523, -2064.6484375, 1054.96179199
247, 164, 62.8623504639, -3294.02685547, 2.86056065559, -3176.54394531, 1193.29541016
247, 157, -266.296112061, -1941.74353027, -282.785980225, -2022.74743652, 1154.25134277
248, 154, -547.134216309, -4963.46777344, -585.114868164, -4708.85058594, 1311.84863281
248, 163, 504.94732666, -3021.21972656, 387.824371338, -3173.69213867, 1213.10290527
248, 184, -1865.08227539, -1228.85180664, -1739.09387207, -1179.75622559, 1175.84375
248, 164, -121.017349243, -3144.94311523, 47.9248771667, -3235.4284668, 1187.22924805
248, 157, -290.961517334, -1774.67663574, -363.721343994, -1773.18371582, 1246.94226074
248, 175, -1831.63500977, -2102.36450195, -1726.09997559, -2102.46484375, 1090.2064209
249, 163, 368.497528076, -2923.89746094, 378.525390625, -3052.85131836, 1232.78515625
249, 184, -1855.9552002, -1369.83642578, -1722.1418457, -1369.14257813, 1289.89416504
249, 154, -496.141052246, -5014.57861328, -398.355560303, -4928.70751953, 1250.81542969
249, 157, -436.23147583, -1772.21728516, -466.649932861, -1553.5847168, 1177.66625977
249, 175, -1764.6105957, -2409.44262695, -1655.17626953, -2371.74975586, 1480.66821289
249, 164, -172.351898193, -2958.27783203, 1.57847321033, -3052.82910156, 1125.08862305
250, 184, -1855.31542969, -1370.28027344, -1740.72644043, -1370.64746094, 1097.94873047
250, 163, 361.275604248, -2725.86279297, 281.479431152, -2694.00488281, 1177.73632813
250, 154, -484.94418335, -5014.64111328, -272.726898193, -5306.66503906, 1309.47045898
250, 157, -461.590698242, -1642.77368164, -485.578826904, -1553.63427734, 1168.25939941
250, 164, -126.335739136, -2860.70947266, -221.338470459, -2893.2253418, 1139.68994141
250, 175, -1701.15649414, -2552.45581055, -1662.08764648, -2333.0065918, 1131.57714844
251, 184, -1798.78271484, -1369.3807373, -1692.84313965, -1322.62414551, 1220.50170898
251, 163, 313.983795166, -2693.8515625, 121.300109863, -2408.6652832, 1208.25939941
251, 157, -592.631286621, -1032.08776855, -632.105773926, -1030.21875, 1098.84033203
251, 154, -386.105407715, -5259.91748047, -256.85144043, -5396.36328125, 1177.63000488
251, 164, -254.451812744, -2860.55493164, -219.388381958, -2956.92871094, 1190.38012695
251, 175, -1637.25463867, -2621.77270508, -1520.94177246, -2623.19213867, 1108.18469238
252, 154, -261.774291992, -5527.26074219, -261.483215332, -5527.27392578, 1123.75073242
252, 163, 269.379119873, -2552.48583984, 202.861160278, -2553.23071289, 1162.07885742
252, 184, -1673.28540039, -1728.44873047, -1544.08984375, -1730.35974121, 1374.27404785
252, 164, -296.002197266, -2622.50634766, -279.731842041, -2622.71704102, 1150.24438477
252, 197, -627.300231934, -4281.49121094, -445.389923096, -4259.33251953, 1144.51855469
252, 175, -1613.13061523, -2658.10009766, -1533.46191406, -2727.80004883, 1159.65112305
253, 197, -544.577941895, -4472.1953125, -408.180053711, -4409.14160156, 1103.1328125
253, 157, -636.07019043, -1553.93859863, -724.852233887, -1369.5357666, 1263.97351074
253, 175, -1620.53564453, -2623.13647461, -1549.1463623, -2726.95996094, 1127.75720215
253, 184, -1667.32287598, -1858.22229004, -1479.078125, -1899.73168945, 1148.59570313
253, 163, 224.223800659, -2369.4128418, 120.702613831, -2408.41259766, 1165.30163574
253, 164, -296.657653809, -2587.30371094, -405.801635742, -2410.11938477, 1165.10241699
254, 163, 104.568977356, -2370.89111328, 104.625160217, -2409.86254883, 1190.7298584
254, 175, -1517.04040527, -3052.08276367, -1478.53112793, -2926.44189453, 1172.97473145
254, 197, -517.010375977, -4492.36279297, -322.01651001, -4592.47021484, 1058.54016113
254, 164, -509.92578125, -2372.12084961, -319.542572021, -2445.01416016, 1585.35742188
254, 184, -1571.99035645, -1981.39794922, -1482.59179688, -1981.10595703, 1191.92358398
254, 198, -2352.6574707, -557.8203125, -2334.4543457, -272.11050415, 1067.68811035
254, 205, -778.486816406, -1180.34533691, -774.629211426, -1228.34863281, 683.624633789
255, 197, -435.150512695, -4746.68896484, -316.165740967, -4709.6796875, 1158.640625
255, 164, -512.302185059, -2334.10327148, -412.513458252, -2258.03222656, 1148.39697266
255, 163, 20.0518226624, -2063.13671875, 20.7470474243, -2103.16479492, 1164.49230957
255, 184, -1557.26013184, -2061.55859375, -1433.73303223, -2063.85375977, 1235.69689941
255, 175, -1393.94519043, -3205.75854492, -1432.55310059, -3083.59277344, 1204.82641602
255, 198, -2249.30004883, -826.804626465, -2166.15307617, -555.909057617, 1044.4822998
255, 204, 1946.2611084, -5527.34716797, 1757.00793457, -5527.30517578, 1091.31640625
255, 157, -791.727722168, -1031.95349121, -813.403930664, -772.759399414, 985.448486328
256, 163, 90.9404983521, -2060.5715332, -51.2240905762, -2021.68823242, 1152.07714844
256, 204, 1873.04260254, -5527.29150391, 1459.54187012, -5426.43945313, 1200.3347168
256, 184, -1438.85241699, -2332.60913086, -1406.1920166, -2219.92944336, 1137.06433105
256, 198, -2159.30786133, -1132.00195313, -2144.38720703, -557.712524414, 1108.28747559
256, 164, -487.202941895, -2180.53149414, -558.978149414, -2142.66381836, 1096.11584473
256, 157, -946.114868164, 28.0350666046, -973.523864746, -151.777572632, 981.264587402
256, 175, -1409.16540527, -3205.10400391, -1352.70410156, -3175.76147461, 1179.24377441
256, 197, -338.396209717, -5132.30419922, -193.899154663, -5065.98681641, 1220.37976074
257, 197, -338.183776855, -5132.64013672, -241.29788208, -5015.60888672, 1193.84765625
257, 184, -1381.63623047, -2371.3918457, -1353.04907227, -2333.71337891, 1148.47033691
257, 163, 20.0715904236, -2021.10852051, -70.0614013672, -1816.9354248, 1140.23156738
257, 198, -2148.24511719, -1179.41271973, -2035.34240723, -878.656738281, 1104.25048828
257, 157, -951.41784668, -151.641540527, -995.228149414, -151.602172852, 1135.13415527
257, 204, 1737.53869629, -5397.01757813, 1453.35534668, -5411.83447266, 1328.39575195
257, 175, -1379.00939941, -3206.84204102, -1211.57617188, -3381.44946289, 1156.19433594
257, 164, -539.491943359, -2181.58789063, -561.271728516, -2102.72509766, 1096.57763672
258, 184, -1344.55334473, -2588.04516602, -1211.54382324, -2481.59765625, 1206.52026367
258, 175, -1373.42797852, -3235.90112305, -1179.27526855, -3575.04614258, 1202.07055664
258, 198, -2181.59008789, -1033.76391602, -2054.04125977, -981.247497559, 1014.72064209
258, 204, 1481.7890625, -5065.87597656, 1467.54199219, -5397.60546875, 1413.44763184
258, 163, 1.97759950161, -1728.12438965, -143.700576782, -1728.36999512, 1152.25793457
258, 164, -599.332336426, -1815.11437988, -577.611694336, -1858.51416016, 1144.58813477
258, 197, -326.28024292, -5148.18261719, -87.1844024658, -5275.93408203, 1190.31567383
259, 197, -287.723419189, -5228.85595703, -41.1393699646, -5455.68603516, 1153.2557373
259, 184, -1299.90856934, -2657.54101563, -1156.15405273, -2623.27758789, 1159.7265625
259, 164, -725.857971191, -1598.65576172, -582.986938477, -1774.7869873, 1130.35070801
259, 198, -2028.65820313, -1369.27722168, -2011.70776367, -1180.84899902, 1029.65905762
259, 204, 1327.61914063, -4839.12304688, 1432.30700684, -5165.29199219, 1873.34240723
259, 163, -128.229995728, -1598.8503418, -146.619949341, -1599.4453125, 1157.7791748
259, 175, -1324.93896484, -3493.11083984, -1197.5480957, -3548.36474609, 1160.75231934
260, 184, -1195.95922852, -2692.53491211, -1151.35192871, -2658.35449219, 1210.57849121
260, 163, -168.178390503, -1464.34973145, -167.43347168, -1510.14794922, 1162.93395996
260, 175, -1134.9543457, -3835.29638672, -1183.58862305, -3629.09814453, 1240.38659668
260, 164, -743.992004395, -1599.14440918, -587.159851074, -1731.76989746, 1091.97009277
260, 204, 1342.71923828, -4875.23242188, 1243.97192383, -4838.89013672, 1322.93017578
260, 197, -82.5752716064, -5527.21484375, -29.8829345703, -5527.11132813, 1095.16210938
260, 198, -2047.19213867, -1370.81555176, -1989.74902344, -1371.13977051, 1064.86328125
261, 163, -150.570205688, -1369.75561523, -265.440704346, -1370.09057617, 1127.66027832
261, 197, 1.84962427616, -5527.31738281, 2.1753718853, -5527.32080078, 900.517028809
261, 198, -1968.44055176, -1643.05371094, -1931.11779785, -1643.59326172, 1062.32067871
261, 164, -657.994812012, -1509.81665039, -751.376342773, -1508.3392334, 1118.09997559
261, 204, 1340.48937988, -4783.85595703, 1002.42602539, -4492.36279297, 1302.47241211
261, 184, -1210.96533203, -2588.13085938, -1082.81689453, -3020.93115234, 1265.81103516
262, 175, -1013.61968994, -3983.41137695, -966.088317871, -3836.55004883, 1169.24902344
262, 204, 1242.87072754, -4430.45654297, 993.040771484, -4471.93798828, 1251.25866699
262, 198, -1930.45471191, -1731.88525391, -1874.86401367, -1731.38806152, 1104.37341309
262, 212, -729.418823242, -1553.64672852, -759.687011719, -1416.88415527, 1493.95300293
262, 163, -169.211746216, -1369.59509277, -305.692169189, -1323.17138672, 1130.55908203
262, 184, -1038.54821777, -3113.44946289, -1007.93023682, -2989.21337891, 1237.63586426
262, 213, -3477.19482422, 3483.12133789, -3204.42163086, 3060.06542969, 473.532348633
263, 184, -1060.64379883, -2957.43066406, -1038.24523926, -2760.90063477, 1222.61608887
263, 198, -1903.06530762, -1775.08239746, -1793.64709473, -1772.69506836, 1145.67407227
263, 175, -1010.01519775, -4007.47631836, -850.918884277, -4169.36767578, 1233.8770752
263, 163, -287.020507813, -1276.9206543, -348.931182861, -1180.31054688, 1192.19921875
263, 212, -762.765686035, -1371.98608398, -763.929077148, -1369.94299316, 1249.88146973
263, 204, 1023.2532959, -4366.91259766, 1008.90966797, -4451.11083984, 1325.52661133
263, 157, -1351.48925781, 1050.26452637, -1327.41809082, 1048.73242188, 774.230773926
264, 175, -981.78326416, -4101.20800781, -837.228149414, -4281.28369141, 1228.37695313
264, 184, -995.314453125, -3205.3449707, -850.064575195, -3265.14208984, 1230.38452148
264, 198, -1885.19018555, -1857.42224121, -1716.51623535, -2061.00170898, 1078.23144531
264, 204, 965.524108887, -4146.81152344, 955.18963623, -4214.71533203, 1298.08654785
264, 163, -454.321533203, -1029.93383789, -355.460021973, -1030.83605957, 1184.45617676
264, 212, -783.449035645, -1131.13012695, -788.380249023, -1083.2869873, 1058.4128418
265, 175, -942.220031738, -4281.14208984, -828.454345703, -4346.07568359, 1224.15930176
265, 184, -983.887573242, -3176.18334961, -846.404418945, -3294.42456055, 1238.82128906
265, 198, -1805.22644043, -2061.30957031, -1683.30029297, -2142.41186523, 1119.36682129
265, 204, 928.324707031, -3934.61254883, 841.11505127, -3860.04077148, 1237.35424805
265, 163, -474.170196533, -1029.70910645, -787.025146484, -1081.24890137, 1139.88415527
265, 219, -3399.62988281, 3058.76342773, -3320.63061523, 2961.28173828, 497.767181396
266, 198, -1789.19042969, -2296.65234375, -1676.53393555, -2258.0012207, 1145.49975586
266, 204, 911.223632813, -3860.26147461, 592.729003906, -3493.66088867, 1211.7635498
266, 227, -820.571777344, -930.747436523, -869.423461914, -826.78717041, 1004.87457275
266, 184, -933.481933594, -3438.61816406, -800.10748291, -3437.09814453, 1242.16027832
266, 163, -512.137084961, -666.489685059, -513.398498535, -667.584106445, 1057.82983398
266, 175, -790.270935059, -4727.71826172, -821.930480957, -4389.35302734, 1251.5826416
266, 217, 1694.14196777, -5527.27099609, 1599.65686035, -5527.27929688, 1152.9354248
266, 157, -1415.82507324, 1599.40966797, -1430.36303711, 1517.47546387, 787.041442871
266, 219, -3322.37011719, 2857.75195313, -3294.02001953, 2857.01342773, 604.317626953
267, 198, -1740.50500488, -2445.82617188, -1630.68615723, -2406.54467773, 1181.30297852
267, 204, 834.289367676, -3439.32080078, 604.783874512, -3521.59960938, 1180.18884277
267, 175, -787.240966797, -4747.35449219, -801.22833252, -4451.67236328, 1231.68237305
267, 184, -876.644165039, -3656.40625, -699.609741211, -3835.13305664, 1309.81970215
267, 211, 1199.94458008, -5527.17626953, 1167.96557617, -5527.24267578, 1226.17480469
267, 163, -491.48638916, -668.536132813, -554.148376465, -667.9765625, 1091.62036133
267, 227, -876.318054199, -978.392700195, -784.354858398, -877.291564941, 1106.89526367
267, 217, 1599.79748535, -5526.83496094, 1543.21435547, -5396.86425781, 1334.70800781
267, 219, -3224.0559082, 2567.03344727, -3246.01928711, 2660.64331055, 618.369018555
268, 198, -1636.68933105, -2622.33740234, -1631.61730957, -2480.44335938, 1112.47485352
268, 175, -782.241699219, -4783.80761719, -668.044799805, -4728.85449219, 1209.12890625
268, 184, -841.379211426, -3708.27392578, -717.933837891, -3656.88549805, 1248.55847168
268, 217, 1678.65136719, -5412.22119141, 1635.06628418, -5381.97460938, 1342.59655762
268, 163, -513.363342285, -665.474182129, -536.061157227, -613.486022949, 1077.76904297
268, 204, 628.858215332, -3408.54174805, 611.117492676, -3438.97875977, 1246.91540527
268, 227, -940.449584961, -929.742248535, -894.620300293, -773.33404541, 1125.56958008
268, 211, 1095.41491699, -5526.97998047, 1000.00054932, -5526.99853516, 1326.90698242
268, 219, -3273.31933594, 2662.47924805, -3273.66455078, 2661.48706055, 639.690124512
269, 184, -758.329345703, -3935.18261719, -661.528808594, -3934.51660156, 1334.31286621
269, 198, -1596.65563965, -2657.72851563, -1465.86975098, -2656.11816406, 1131.14001465
269, 175, -765.710632324, -4820.52734375, -587.861877441, -5132.046875, 1285.95117188
269, 204, 466.01953125, -3143.84570313, 577.996826172, -3294.12060547, 1209.88220215
269, 217, 1531.38769531, -5132.46289063, 1361.85925293, -5132.60791016, 1279.09240723
269, 163, -542.650390625, -502.307800293, -727.023803711, -556.729553223, 1024.23693848
269, 232, -993.405639648, -611.022338867, -955.802490234, -557.879577637, 1391.6184082
269, 211, 1084.33581543, -5527.02783203, 758.651916504, -5228.49169922, 1399.90270996
269, 234, -3351.02172852, 2858.86547852, -3349.12011719, 2857.80004883, 595.023132324
270, 211, 1019.85473633, -5259.64453125, 736.40423584, -5228.59716797, 1360.32287598
270, 184, -717.424438477, -4054.84570313, -597.553100586, -4031.43603516, 1316.98339844
270, 204, 471.449737549, -3052.32739258, 383.042633057, -2956.67578125, 1227.84680176
270, 198, -1589.77441406, -2690.92016602, -1428.83007813, -2760.5690918, 1158.40893555
270, 175, -755.790039063, -4892.96826172, -586.044799805, -5148.91748047, 1247.77612305
270, 217, 1382.26367188, -5049.49462891, 1354.4362793, -5115.97460938, 1311.62182617
270, 231, 4256.64208984, -95.0897674561, 4018.60864258, -90.3309631348, 1146.6998291
270, 227, -1014.13909912, -609.669128418, -977.393615723, -556.878173828, 1041.40112305
271, 198, -1542.63684082, -2760.34399414, -1344.26574707, -3052.48803711, 1201.34741211
271, 227, -1024.29541016, -502.078186035, -1129.26672363, -500.122375488, 1051.15795898
271, 204, 462.285461426, -2958.43286133, 117.307563782, -2692.63500977, 1159.76184082
271, 184, -653.55279541, -4281.3828125, -523.561767578, -4258.82666016, 1362.73425293
271, 175, -586.794921875, -5527.04394531, -584.846984863, -5259.61865234, 1294.18322754
271, 211, 740.273620605, -4945.95507813, 740.873718262, -5196.7265625, 1423.47058105
271, 217, 1351.50830078, -4839.14794922, 1322.18408203, -4963.46289063, 1319.45800781
271, 232, -707.45489502, -213.836547852, -709.678649902, -213.505584717, 1080.86889648
272, 198, -1497.33459473, -2989.5925293, -1365.60070801, -3020.75537109, 1168.3536377
272, 204, 381.125183105, -2658.10180664, 117.349555969, -2692.15087891, 1100.35949707
272, 184, -675.020812988, -4324.58447266, -509.051269531, -4281.24316406, 1253.38464355
272, 211, 668.870056152, -4747.27978516, 727.071838379, -5131.921875, 1450.37597656
272, 175, -514.251831055, -5527.20751953, -551.970336914, -5259.76367188, 1201.29333496
272, 227, -1170.2265625, -330.170684814, -1124.44543457, -156.329711914, 1042.05187988
272, 217, 1288.90722656, -4632.01074219, 1251.21325684, -4573.79833984, 1259.29638672
272, 231, 3905.39453125, -387.086334229, 3799.35522461, -329.786376953, 1388.65527344
273, 175, -514.006835938, -5527.234375, -522.035461426, -5337.08935547, 1131.95556641
273, 184, -587.405456543, -4553.45507813, -415.504608154, -4512.52636719, 1268.99389648
273, 211, 671.770874023, -4727.49169922, 636.983886719, -4709.42236328, 1368.88244629
273, 204, 168.71711731, -2587.42333984, 117.711265564, -2656.42431641, 1175.43347168
273, 198, -1358.8223877, -3234.9309082, -1358.55371094, -3144.14916992, 1211.20251465
273, 217, 1288.31921387, -4573.48242188, 1109.26757813, -4388.66162109, 1313.76000977
273, 231, 3906.44702148, -214.917938232, 3606.46069336, -272.109161377, 1163.26635742
273, 232, -717.011413574, -93.4155349731, -739.536987305, -94.8279800415, 1045.59741211
273, 227, -1177.07348633, -445.186279297, -1175.7532959, -273.148101807, 1114.54016113
273, 243, 4570.86474609, -272.5105896, 4320.3984375, -554.985046387, 1255.83569336
273, 251, -3324.72631836, 2757.87695313, -3349.43261719, 2856.86572266, 613.256591797
274, 211, 651.008544922, -4689.45361328, 402.14932251, -4366.97265625, 1339.20251465
274, 184, -489.849853516, -4820.74267578, -376.593780518, -4708.87402344, 1372.63708496
274, 232, -720.706481934, -30.4002323151, -746.975097656, 28.3687782288, 1031.94226074
274, 204, 19.2302570343, -2409.27905273, 104.083595276, -2408.16821289, 1162.39685059
274, 217, 1250.453125, -4259.5625, 1051.93164063, -4191.78955078, 1216.87841797
274, 255, -1226.55578613, -3548.63378906, -1119.63439941, -3294.34155273, 1645.09729004
274, 227, -1204.41442871, -214.420593262, -1205.21118164, -213.175308228, 1086.37280273
274, 256, -3229.13427734, 2378.16137695, -3151.0078125, 2380.37719727, 661.567260742
275, 211, 653.595581055, -4553.30029297, 396.018890381, -4259.91699219, 1360.02050781
275, 204, 2.78931236267, -2258.36889648, -49.7872772217, -2143.10693359, 1117.3840332
275, 231, 3501.75268555, -387.267089844, 3318.78027344, -555.002258301, 1431.58850098
275, 232, -738.418029785, 219.76751709, -765.463012695, 280.825500488, 1055.06787109
275, 198, -1236.1373291, -3493.44726563, -1112.55212402, -3436.7265625, 1220.49694824
275, 227, -1233.24279785, 28.8976135254, -1247.72875977, -30.7874927521, 1162.46862793
275, 256, -3181.53540039, 2283.56298828, -3074.65454102, 2285.40307617, 708.664611816
275, 184, -540.781311035, -4784.12402344, -364.807861328, -4708.61132813, 1318.98828125
275, 217, 1106.1328125, -4030.32739258, 1002.79803467, -4078.12011719, 1233.04284668
276, 198, -1212.03210449, -3548.63793945, -997.975036621, -3810.71069336, 1263.55371094
276, 211, 461.598693848, -4078.61767578, 397.26574707, -4238.01708984, 1350.09375
276, 227, -1247.37585449, -33.2552719116, -1270.4486084, -30.2532329559, 1031.26428223
276, 217, 866.351379395, -3655.32543945, 975.868164063, -4077.8984375, 1290.71325684
276, 232, -747.253967285, 350.474273682, -792.465820313, 345.855255127, 1003.89819336
276, 204, 2.12869405746, -2143.30224609, -306.634552002, -1817.69787598, 1110.88061523
276, 256, -3155.46655273, 2289.54638672, -3023.26220703, 2289.62866211, 661.737365723
276, 231, 3315.6262207, -500.301757813, 3235.52441406, -555.723388672, 1439.29638672
277, 232, -751.50592041, 416.17276001, -866.079528809, 414.925994873, 937.261352539
277, 227, -1256.01513672, 30.1684589386, -1343.43029785, 30.3099994659, 1168.42590332
277, 204, -51.4357147217, -1899.85119629, -287.996673584, -1858.97888184, 1108.86206055
277, 184, -459.840240479, -5032.6484375, -228.91545105, -5032.22265625, 1339.23999023
277, 231, 3322.87988281, -152.236083984, 3321.68164063, -153.712814331, 1335.2322998
277, 217, 808.546813965, -3656.45605469, 913.957763672, -3835.93579102, 1197.23730469
277, 198, -1188.08837891, -3602.25854492, -982.710876465, -3910.53466797, 1278.74438477
277, 211, 398.75100708, -4215.16210938, 397.67980957, -4237.84277344, 1344.58874512
277, 256, -3074.61694336, 2284.93847656, -3021.25439453, 2284.5612793, 635.684692383
278, 211, 324.03137207, -3836.23388672, 316.371520996, -4007.05712891, 1351.9708252
278, 232, -761.79510498, 549.075134277, -894.438171387, 480.881835938, 1065.74682617
278, 184, -531.231872559, -5132.53662109, -167.821121216, -5149.39013672, 1263.86108398
278, 227, -1316.12011719, 346.764923096, -1398.10375977, 283.416229248, 1154.2331543
278, 198, -1116.57861328, -3862.13330078, -986.484924316, -3885.9753418, 1252.76672363
278, 217, 857.545166016, -3493.13110352, 794.611999512, -3655.19995117, 1242.46191406
278, 231, 3207.83349609, -443.861419678, 3169.49462891, -499.4765625, 1480.04724121
278, 204, -180.570068359, -1772.63598633, -291.366241455, -1775.31469727, 1075.87658691
278, 243, 3994.23925781, -154.470687866, 3927.44750977, -214.510650635, 1308.15539551
278, 256, -3054.13110352, 2200.36547852, -3001.08984375, 2199.3046875, 468.702209473
279, 211, 241.00328064, -3834.81884766, 88.6537475586, -3629.78173828, 1273.26367188
279, 198, -961.49017334, -4236.39990234, -938.007568359, -4030.85375977, 1292.24487305
279, 227, -1397.453125, 281.803070068, -1360.98864746, 347.045440674, 1072.46875
279, 232, -888.334228516, 413.757781982, -866.134887695, 414.156890869, 1050.07226563
279, 217, 812.47442627, -3627.96142578, 615.622802734, -3206.40844727, 1177.42163086
279, 204, -330.612030029, -1687.71484375, -310.314300537, -1730.97839355, 1080.95825195
279, 243, 3821.5546875, -92.2240982056, 3668.5534668, -93.8519439697, 1270.11865234
279, 231, 3169.22509766, -156.577392578, 3087.47998047, -215.388656616, 1513.07958984
279, 256, -3010, 2016.89489746, -2978.5546875, 2103.52392578, 738.734985352
280, 198, -931.88482666, -4345.92333984, -894.309020996, -4054.38500977, 1251.61657715
280, 184, -265.854522705, -5441.01904297, -106.967636108, -5381.7421875, 1305.91467285
280, 211, 243.616531372, -3760.34838867, -12.2676305771, -3465.91430664, 1278.3737793
280, 261, -1450.11120605, 345.708190918, -1338.6270752, 350.247406006, 1128.79528809
280, 204, -435.636016846, -1419.5534668, -474.099975586, -1415.66638184, 1084.09216309
280, 231, 3112.11352539, -272.841186523, 3047.9753418, -271.342651367, 1511.12878418
280, 217, 736.334350586, -3380.51391602, 612.811584473, -3236.49462891, 1108.02685547
280, 232, -952.318115234, 898.752258301, -928.339782715, 899.760559082, 979.246582031
280, 243, 3820.43164063, -92.787727356, 3668.8671875, -154.161468506, 1281.3614502
280, 256, -3004.95214844, 2108.0690918, -2998.59448242, 2190.99316406, 557.741943359
281, 204, -455.301269531, -1418.62841797, -740.324401855, -1180.26794434, 1072.23388672
281, 184, -177.726791382, -5527.2734375, -72.1017303467, -5527.296875, 1190.79504395
281, 227, -1447.12670898, 485.078491211, -1447.23217773, 484.681976318, 927.286682129
281, 231, 3134.0144043, -273.23916626, 3065.13354492, -214.580245972, 1512.18945313
281, 211, 92.3968048096, -3323.22973633, -42.3871994019, -3408.65087891, 1222.91748047
281, 198, -912.742431641, -4388.24316406, -730.150878906, -4409.80273438, 1274.21105957
281, 217, 587.387878418, -3174.58203125, 556.509094238, -3176.00585938, 1147.9074707
281, 243, 3820.80224609, -32.4351615906, 3690.26391602, -93.887550354, 1317.23937988
281, 256, -3025.40039063, 2190.66503906, -2998.72387695, 2191.2565918, 535.923461914
282, 211, -12.3435640335, -3408.52099609, -27.9613056183, -3408.16723633, 1239.7677002
282, 261, -1486.89562988, 618.409118652, -1473.63330078, 688.004394531, 901.790649414
282, 198, -899.795043945, -4388.59765625, -684.217956543, -4690.00537109, 1291.00195313
282, 231, 3176.76611328, -271.83795166, 3048.41162109, -271.912841797, 1511.30517578
282, 217, 507.587677002, -2990.2878418, 556.931030273, -3175.50683594, 1130.55407715
282, 204, -481.348419189, -1275.72900391, -763.117492676, -1131.734375, 1040.66162109
282, 262, 926.600036621, -5527.12939453, 831.745300293, -5527.21533203, 1078.63122559
282, 264, 3912.67138672, 155.436645508, 3821.23974609, 29.372177124, 1309.3302002
282, 256, -2919.41040039, 1846.1965332, -2937.63500977, 1931.42407227, 600.076416016
283, 198, -823.036193848, -4572.60400391, -666.553283691, -4838.69091797, 1336.74963379
283, 204, -651.906799316, -1033.39233398, -763.090270996, -1130.47351074, 1066.03930664
283, 261, -1505.58666992, 759.82623291, -1525.78173828, 899.739685059, 1196.99206543
283, 231, 3276.94482422, -155.90814209, 3048.61572266, -271.772491455, 1477.6048584
283, 211, -89.1909484863, -3235.68383789, -43.1744613647, -3323.41210938, 1290.07507324
283, 262, 853.010742188, -5527.25634766, 884.420837402, -5527.29150391, 1121.63049316
283, 217, 514.22052002, -2893.08789063, 513.485046387, -2892.63623047, 1102.14038086
283, 256, -2879.6628418, 1678.23583984, -2878.85058594, 1680.79553223, 575.279846191
284, 211, -108.211334229, -2957.3996582, -206.180923462, -2860.43774414, 1224.67041016
284, 262, 738.92779541, -5367.11035156, 756.473083496, -5397.01220703, 1256.41833496
284, 231, 3131.07324219, -212.603393555, 3083.04052734, -155.940567017, 1440.2142334
284, 217, 506.660888672, -2760.80517578, 382.757568359, -2621.82275391, 1158.53112793
284, 261, -1524.61437988, 900.653503418, -1525.52111816, 899.4140625, 1132.29663086
284, 198, -734.319519043, -4963.48681641, -664.964294434, -4857.34619141, 1310.30383301
284, 204, -732.182189941, -1033.87609863, -767.825622559, -1081.203125, 1085.40673828
284, 267, 3996.7746582, -32.946598053, 3952.52490234, -90.8682327271, 1233.15661621
285, 198, -629.257629395, -5259.74121094, -627.457641602, -5082.49462891, 1340.23217773
285, 211, -108.810317993, -2958.46411133, -345.184295654, -2622.96313477, 1253.40698242
285, 270, -1525.83825684, 903.666503906, -1548.60986328, 903.431945801, 835.50793457
285, 231, 3024.09912109, -500.317840576, 2918.15673828, -499.687530518, 1461.62158203
285, 262, 697.241333008, -5275.68652344, 591.500671387, -5228.75292969, 1176.97937012
285, 204, -784.554077148, -877.024291992, -849.303405762, -825.787963867, 1079.22644043
285, 217, 510.700958252, -2693.58642578, 325.471282959, -2408.8840332, 1111.79602051
285, 256, -2840.18994141, 1510.40112305, -2838.32739258, 1512.50585938, 734.22253418
285, 267, 4065.72460938, 91.4004745483, 3998.78222656, 30.2320804596, 1190.50012207
285, 272, -2284.4140625, 3164.59472656, -2316.58813477, 3373.48266602, 399.860839844
286, 198, -593.03717041, -5381.21679688, -567.71661377, -4998.29882813, 1314.65686035
286, 211, -164.775009155, -2552.42626953, -345.141479492, -2621.74291992, 1198.81433105
286, 231, 3280.7746582, -214.345535278, 3030.57470703, -329.939147949, 1472.01391602
286, 270, -1565.77001953, 1200.58044434, -1590.53295898, 1201.04833984, 827.682312012
286, 262, 689.905273438, -5244.08349609, 667.604919434, -5244.3125, 1274.86181641
286, 217, 328.702087402, -2332.34399414, 294.004425049, -2333.95922852, 1111.39685059
286, 204, -997.669311523, -559.104064941, -992.721130371, -609.901428223, 871.962036133
286, 267, 4017.88867188, -92.2757873535, 3930.29736328, -93.8882446289, 1238.97399902
287, 211, -286.286621094, -2445.75439453, -366.583709717, -2516.88867188, 1249.8059082
287, 262, 630.715881348, -5082.58154297, 381.272705078, -4875.81005859, 1018.64282227
287, 270, -1576.31640625, 1276.37927246, -1660.26013184, 1354.5234375, 822.737426758
287, 217, 246.750717163, -2181.6862793, 257.985412598, -2369.41967773, 1111.29516602
287, 198, -594.878540039, -5366.70117188, -430.44744873, -5382.18505859, 1220.6739502
287, 231, 3300.37402344, -155.47203064, 3124.94677734, -156.737442017, 1475.02282715
287, 204, -997.819335938, -556.342895508, -1019.16687012, -555.158630371, 983.292175293
287, 267, 4041.60449219, -30.2737293243, 3931.0402832, -90.6481628418, 1281.60205078
288, 198, -571.589660645, -5381.77099609, -345.039337158, -5527.28173828, 1141.39245605
288, 262, 480.513000488, -4820.73974609, 376.502044678, -4945.8515625, 1214.97485352
288, 217, 196.311157227, -2102.51513672, 231.748672485, -2104.26904297, 1054.57446289
288, 267, 4018.39379883, -91.0589599609, 3973.57055664, -93.8861541748, 1294.76525879
288, 211, -363.418334961, -2587.88842773, -351.606048584, -2481.78759766, 1234.53662109
288, 270, -1568.95593262, 1051.62780762, -1603.58520508, 1123.73510742, 1114.86730957
288, 231, 3300.02001953, -156.995452881, 3108.11987305, -214.436981201, 1500.17578125
288, 204, -1004.07855225, -500.014648438, -1066.78649902, -501.261657715, 1052.21948242
288, 274, -2837.69604492, 1511.11218262, -2815.36694336, 1510.73083496, 678.868896484
289, 198, -524.69519043, -5527.41455078, -334.812866211, -5527.41015625, 1047.57556152
289, 211, -418.675018311, -2142.10327148, -456.134094238, -2101.54663086, 1199.20178223
289, 217, 128.964614868, -1900.1697998, 110.359352112, -1899.44665527, 1090.7298584
289, 280, -1657.65258789, 1512.96069336, -1757.31884766, 1513.45849609, 875.071594238
289, 231, 3247.19702148, -388.337646484, 3018.47973633, -444.782501221, 1524.95849609
289, 281, -2712.30444336, 975.34777832, -2688.50219727, 976.210998535, 807.000549316
289, 262, 384.207458496, -4839.07617188, 381.777252197, -4874.84423828, 1222.8536377
289, 267, 3973.96850586, -91.0016708374, 3843.52050781, -93.2004470825, 1249.66833496
289, 282, -1052.14111328, -443.950775146, -1135.65319824, -443.842468262, 1330.68212891
290, 211, -420.8855896, -2101.73461914, -570.51940918, -1982.08422852, 1151.0065918
290, 262, 688.971130371, -4572.41259766, 330.734924316, -4727.45458984, 1256.70898438
290, 281, -2694.21142578, 899.557983398, -2670.08325195, 899.883544922, 842.404052734
290, 231, 3313.12841797, -445.526702881, 3017.96044922, -443.890106201, 1529.68652344
290, 217, 131.406845093, -1772.92663574, -33.9421310425, -1731.75891113, 1040.32080078
290, 267, 3974.91870117, -32.9833297729, 3691.59179688, -151.744430542, 1248.64123535
291, 262, 280.435455322, -4491.94580078, 105.019554138, -4345.85498047, 1148.48791504
291, 231, 3474.47485352, -151.233398438, 3192.07641602, -152.95413208, 1381.66210938
291, 211, -425.150512695, -2021.77758789, -602.894775391, -1773.24963379, 1145.33679199
291, 281, -2647.80932617, 900.177246094, -2670.90893555, 898.70880127, 823.96661377
291, 288, -1327.93334961, -92.2897567749, -1241.06896973, -91.456451416, 1226.49755859
291, 217, -15.4020376205, -1685.48083496, -144.17137146, -1685.92407227, 1033.45043945
291, 270, -1221.64477539, 1435.62133789, -1229.8182373, 1512.2755127, 1292.79467773
292, 211, -515.275268555, -1686.48962402, -602.779174805, -1771.53344727, 1134.75268555
292, 262, 244.803756714, -4430.51757813, 2.64140224457, -4053.87475586, 1179.96411133
292, 281, -2653.21826172, 827.098693848, -2653.33813477, 827.343200684, 812.610168457
292, 231, 3454.60424805, -212.75491333, 3129.65454102, -215.102828979, 1459.93859863
292, 217, -129.395050049, -1464.57983398, -148.032394409, -1508.29516602, 1280.16040039
292, 287, -2285.2878418, 3166.79882813, -2346.5847168, 3374.00683594, 739.018005371
292, 282, -1291.68945313, -33.2022972107, -1408.4588623, 28.4602489471, 1432.42260742
293, 211, -604.429931641, -1731.06481934, -605.899658203, -1730.40649414, 1178.28112793
293, 262, 211.493087769, -4302.72314453, -11.141834259, -4123.65429688, 1172.56323242
293, 231, 3624.97314453, -91.0401000977, 3409.60205078, -151.236160278, 1409.53564453
293, 296, -1279.90063477, 1514.4987793, -1190.19848633, 1124.75646973, 980.336975098
293, 297, -2590.31103516, 549.127807617, -2544.3137207, 551.47277832, 873.0390625
293, 282, -1345.00354004, 218.378265381, -1439.76257324, 91.629699707, 1215.20544434
293, 287, -2311.16381836, 3164.03320313, -2358.79248047, 3269.484375, 751.433959961
293, 298, -166.5809021, -1553.91992188, -129.435501099, -1510.4864502, 1286.05163574
294, 262, 43.4907035828, -3910.30615234, 1.76547443867, -4054.05322266, 1153.59887695
294, 297, -2575.59106445, 482.952545166, -2573.47460938, 483.20123291, 866.161071777
294, 231, 3690.88842773, -90.9332046509, 3580.90014648, -92.7737503052, 1468.96643066
294, 211, -664.622924805, -1415.83166504, -740.685180664, -1415.60864258, 1116.25268555
294, 287, -2359.07470703, 3268.90063477, -2453.73413086, 3484.30541992, 724.009399414
294, 296, -1388.72814941, 1595.39550781, -1404.63659668, 1514.74597168, 1027.26550293
294, 282, -1464.72387695, 282.692382813, -1465.28222656, 283.838897705, 1402.9597168
294, 298, -208.191833496, -1372.46533203, -149.641052246, -1372.87231445, 1230.8885498
295, 262, 1.41946971416, -4054.24536133, -11.2102146149, -4054.11767578, 1157.56115723
295, 297, -2567.23266602, 351.148773193, -2543.40454102, 351.446960449, 830.157897949
295, 282, -1492.98828125, 482.07522583, -1597.89904785, 417.978942871, 945.436157227
295, 231, 3756.27612305, -152.06690979, 3602.00244141, -156.820922852, 1518.27197266
295, 298, -174.163787842, -1082.21936035, -175.564498901, -1034.22680664, 1202.29199219
295, 211, -686.844543457, -1371.48327637, -784.158447266, -1369.8782959, 1127.68334961
295, 302, -2551.56054688, 3705.3190918, -2521.73779297, 3702.27978516, 645.651489258
296, 211, -706.363830566, -1370.20910645, -970.374328613, -1034.26147461, 1081.45263672
296, 297, -2565.11376953, 348.417938232, -2520.46704102, 349.283325195, 851.096496582
296, 262, -13.1738786697, -3629.34521484, -112.321899414, -3656.40673828, 1137.78149414
296, 231, 3798.27026367, -94.0837478638, 3603.80395508, -154.482421875, 1494.81445313
296, 298, -236.96257019, -982.404602051, -196.666442871, -982.670166016, 1154.63757324
297, 297, -2497.43408203, 155.99067688, -2401.05004883, 218.589294434, 878.428588867
297, 282, -1561.79040527, 482.005249023, -1700.63842773, 484.869354248, 1130.10339355
297, 262, -27.1785945892, -3630.04443359, -131.226257324, -3493.72900391, 1085.60913086
297, 211, -816.15020752, -983.117004395, -970.097290039, -1034.70007324, 1126.19506836
297, 231, 3799.75097656, -93.4979248047, 3603.796875, -151.636703491, 1485.38391113
297, 311, -2631.75732422, 3820.49438477, -2631.43994141, 3820.77880859, 594.3203125
297, 298, -416.693572998, -982.22088623, -276.922332764, -982.793029785, 1119.14367676
298, 211, -950.773925781, -1030.09484863, -970.200012207, -1033.31604004, 1146.49377441
298, 297, -2396.79882813, -94.7393264771, -2310.87597656, -90.9471817017, 914.371948242
298, 282, -1694.39001465, 758.662841797, -1765.74926758, 759.974060059, 1115.5604248
298, 262, -40.9851837158, -3655.18920898, -242.939666748, -3234.94702148, 1125.62866211
298, 231, 3844.00268555, -30.5104751587, 3645.59863281, -30.6928005219, 1479.73205566
298, 298, -348.509033203, -666.256225586, -327.183868408, -667.262817383, 1112.88989258
299, 297, -2426.16040039, -152.151824951, -2309.70263672, -94.9410705566, 930.435974121
299, 211, -996.168457031, -978.684204102, -1015.96618652, -979.303527832, 1104.03100586
299, 282, -1740.86547852, 901.467102051, -1859.82641602, 759.979736328, 1240.76379395
299, 231, 3732.29663086, 91.2999572754, 3415.05737305, 282.059265137, 1456.80432129
299, 262, -102.490020752, -3380.44824219, -224.964950562, -3293.92602539, 1089.11914063
299, 298, -479.408111572, -501.035247803, -372.319458008, -555.725952148, 1002.75897217
300, 297, -2317.3737793, -155.325759888, -2382.86425781, -155.765304565, 853.278930664
300, 282, -1824.32678223, 977.042053223, -1895.11767578, 973.187866211, 989.129577637
300, 211, -1137.66320801, -613.643066406, -1178.89233398, -611.079101563, 1060.62780762
300, 262, -136.418167114, -3204.81445313, -226.310058594, -3264.6784668, 1082.8614502
300, 231, 3822.03515625, 413.526794434, 3664.48608398, 350.335449219, 1459.9354248
300, 298, -512.957458496, -666.96270752, -371.347137451, -611.122009277, 1054.11206055
301, 297, -2355.41235352, -272.036315918, -2295.09399414, -157.007202148, 930.528625488
301, 211, -1131.61914063, -666.711791992, -1220.85839844, -611.457702637, 1068.09313965
301, 282, -1980.9588623, 1049.26306152, -1908.19396973, 1051.47827148, 1022.62548828
301, 262, -242.322219849, -3206.37084961, -242.383346558, -3204.84472656, 1059.23742676
301, 298, -660.951416016, -273.795654297, -548.604064941, -387.662902832, 955.25970459
302, 297, -2240.76000977, -502.231719971, -2198.70263672, -500.320495605, 879.461669922
302, 211, -1164.37695313, -559.070251465, -1248.34936523, -556.331420898, 1028.68469238
302, 262, -247.801895142, -3052.47851563, -263.505157471, -3052.04394531, 1122.03442383
302, 282, -1957.58422852, 1052.74560547, -1932.81396484, 1052.13964844, 954.315246582
302, 298, -668.538391113, -153.561630249, -604.43170166, -155.193954468, 871.591552734
302, 231, 3188.90625, -93.498626709, 3317.42602539, -31.5923156738, 1183.98657227
303, 297, -2208.33007813, -556.453308105, -2187.09814453, -554.682556152, 878.915100098
303, 211, -1192.03967285, -330.286712646, -1262.16345215, -444.500732422, 1053.90185547
303, 231, 3317.97363281, -95.0164642334, 3387.50366211, -151.223052979, 1223.39123535
303, 262, -239.958969116, -2826.8503418, -293.070983887, -2694.17724609, 1048.62731934
303, 282, -2007.65551758, 1356.72070313, -2068.51635742, 1277.89794922, 788.01776123
303, 298, -695.962463379, -91.3258209229, -716.00177002, -90.6956710815, 1086.55480957
304, 262, -256.058074951, -2794.14916992, -422.820526123, -2406.54541016, 1101.13464355
304, 211, -1233.6739502, -330.334106445, -1297.54846191, -330.78704834, 1477.15637207
304, 297, -2175.21508789, -613.766052246, -2174.09399414, -613.135925293, 942.184631348
304, 325, -1951.51489258, 2472.44091797, -1949.23095703, 2283.83203125, 875.437072754
304, 298, -717.798339844, -92.3246841431, -738.643310547, -95.065322876, 1087.94067383
305, 328, 3413.6730957, -331.436035156, 3564.91723633, -329.931152344, 1269.97460938
305, 211, -1263.32495117, -91.9482116699, -1392.04638672, -93.9043045044, 1119.73828125
305, 297, -2108.43530273, -826.236877441, -2119.53417969, -772.70324707, 946.237609863
305, 262, -259.786102295, -2693.2355957, -422.433746338, -2407.54833984, 1069.05725098
305, 298, -786.76940918, -30.3493480682, -808.39251709, -32.0381317139, 940.766601563
305, 282, -2181.19458008, 1356.32629395, -2181.78808594, 1355.65869141, 912.311889648
306, 211, -1393.15368652, -91.6855621338, -1392.58508301, -90.5859832764, 1030.63244629
306, 262, -304.889038086, -2371.69824219, -405.435516357, -2408.94238281, 1018.23394775
306, 297, -2085.59179688, -930.844360352, -2065.06811523, -929.389770508, 941.137939453
306, 282, -2234.14868164, 1511.8046875, -2260.45922852, 1513.85522461, 942.36114502
306, 328, 3324.40185547, -665.966674805, 3468.09326172, -665.86126709, 1314.48791504
307, 297, -2023.32397461, -1032.61450195, -1963.96691895, -1030.13183594, 907.590637207
307, 211, -1372.17504883, -89.6524810791, -1379.0402832, -31.5301380157, 1074.24658203
307, 262, -386.877319336, -2444.56445313, -388.66897583, -2407.60327148, 1042.0324707
307, 328, 3690.6315918, -154.309860229, 3930.04907227, -151.851470947, 1126.81311035
307, 282, -2211.75, 1515.9934082, -2236.02270508, 1516.52026367, 864.145629883
307, 333, -934.627319336, 414.827758789, -958.007629395, 413.642700195, 1117.91418457
307, 334, 3006.26098633, -554.914855957, 3229.84985352, -444.877746582, 1309.78015137
308, 297, -2012.55126953, -1082.73486328, -1943.71984863, -1034.46411133, 921.777526855
308, 333, -935.136047363, 416.61428833, -1094.75952148, 415.84185791, 961.601928711
308, 262, -405.26852417, -2408.234375, -405.50112915, -2406.90185547, 1004.00915527
308, 328, 3886.46142578, -151.721633911, 3974.05541992, -152.069671631, 1115.06799316
308, 334, 3260.35083008, -213.229217529, 3386.27392578, -156.365585327, 1291.01782227
308, 211, -1442.97705078, 281.525146484, -1443.70593262, 283.433441162, 1200.40246582
309, 211, -1442.97375488, 284.041992188, -1474.43969727, 346.31463623, 1017.97503662
309, 328, 3797.92456055, -665.721435547, 3922.02807617, -612.298156738, 1151.32324219
309, 282, -2383.78515625, 1761.12207031, -2393.91137695, 1679.83630371, 803.893737793
309, 334, 3303.27880859, -214.960250854, 3432.62890625, -213.741027832, 1258.88269043
309, 262, -440.673400879, -2061.74291992, -458.915222168, -2060.98413086, 1014.96447754
309, 333, -1117.61669922, 417.472808838, -1094.89685059, 417.316925049, 1099.43103027
310, 297, -1846.91418457, -1417.76806641, -1856.67724609, -1370.1003418, 983.426696777
310, 334, 3415.17285156, -329.576904297, 3607.12182617, -330.682281494, 1213.26379395
310, 282, -2426.22583008, 1847.10961914, -2442.8112793, 1930.82287598, 741.064086914
310, 262, -440.683319092, -2063.17651367, -578.428588867, -1858.44445801, 1031.72961426
311, 297, -1837.69287109, -1464.73071289, -1827.67919922, -1416.49389648, 973.712280273
311, 262, -451.710144043, -1858.9921875, -623.628967285, -1731.41186523, 992.44543457
311, 333, -1469.2109375, 483.094787598, -1515.87231445, 484.476013184, 1269.73010254
311, 345, -2261.41308594, 2854.89526367, -2521.29858398, 2194.44091797, 681.403320313
311, 334, 3668.76196289, -92.5802993774, 3799.22583008, -91.995010376, 1156.16931152
312, 297, -1782.99633789, -1728.1184082, -1736.31005859, -1687.53100586, 965.067749023
312, 333, -1464.82580566, 619.476257324, -1613.86083984, 689.127624512, 1252.14233398
312, 344, -2276.04980469, 2954.57055664, -2546.71533203, 2195.53222656, 869.928283691
312, 334, 3756.53442383, -272.132781982, 3948.98608398, -213.369125366, 1203.22058105
312, 262, -583.170166016, -1772.09606934, -620.290649414, -1772.97094727, 1011.17474365
313, 333, -1525.72180176, 901.552429199, -1691.81982422, 899.03338623, 1188.67663574
313, 297, -1782.86962891, -1731.68847656, -1745.94433594, -1732.04919434, 954.675842285
313, 262, -623.094543457, -1731.4309082, -660.161560059, -1730.25524902, 942.819641113
313, 334, 3996.49023438, -33.3612174988, 4221.03466797, 91.2283706665, 1101.15014648
313, 351, -2592.12182617, 2283.99169922, -2566.12158203, 2286.12402344, 681.715332031
314, 351, -2600.15014648, 2193.43383789, -2574.67895508, 2195.56738281, 733.550354004
314, 297, -1723.98803711, -2021.2409668, -1704.49560547, -1941.16638184, 1017.21563721
314, 354, -1668.75805664, 903.260314941, -1669.00537109, 903.909301758, 1157.36120605
315, 351, -2688.16503906, 2107.91186523, -2575.8737793, 2198.46557617, 754.891418457
315, 297, -1673.25158691, -2102.45117188, -1663.36694336, -2061.29492188, 1049.11682129
315, 354, -1692.70959473, 901.924194336, -1715.78833008, 901.605163574, 1199.82568359
316, 297, -1647.43139648, -2142.27514648, -1567.40100098, -2102.93212891, 990.437744141
316, 354, -1738.16503906, 1051.86560059, -1740.05700684, 1051.26599121, 1001.99920654
316, 365, -2799.30444336, 2378.54394531, -2772.44580078, 2378.70507813, 661.581481934
317, 297, -1535.09753418, -2369.21533203, -1507.61230469, -2333.23291016, 998.568603516
317, 354, -1751.14440918, 1125.47668457, -1785.26000977, 1199.70202637, 1153.42565918
317, 365, -2821.42163086, 2474.02832031, -2792.97509766, 2472.37817383, 661.642822266
317, 262, -920.777404785, -1131.92028809, -787.477844238, -1322.35852051, 1063.18481445
318, 297, -1510.7175293, -2408.4855957, -1510.39050293, -2408.09204102, 1033.3572998
318, 354, -1771.80981445, 1278.37731934, -1772.98498535, 1277.34069824, 984.907287598
318, 373, -2926.45727539, 2960.2746582, -2924.29492188, 2959.32397461, 516.825927734
319, 297, -1458.01281738, -2691.19604492, -1432.0982666, -2656.86035156, 1050.01208496
319, 354, -1809.3046875, 1516.52478027, -1833.04833984, 1515.34777832, 889.310119629
319, 262, -971.680725098, -1034.16540527, -971.517822266, -1030.59521484, 1000.08032227
319, 378, -2886.98950195, 2661.31689453, -2842.10986328, 2566.42089844, 662.955322266
320, 297, -1351.97302246, -2923.91772461, -1402.92907715, -2726.18408203, 1062.1517334
320, 262, -1015.50061035, -983.20123291, -1070.10070801, -1029.39758301, 899.701293945
320, 354, -1808.98522949, 1514.41894531, -1808.55664063, 1514.06494141, 888.921447754
321, 297, -1367.54785156, -2924.0949707, -1297.8380127, -2860.51196289, 1028.05029297
321, 354, -1845.49084473, 1596.3840332, -1871.11560059, 1597.77294922, 942.964477539
321, 384, -2981.16601563, 2955.30786133, -2988.00976563, 2858.61889648, 646.717529297
322, 297, -1361.73596191, -2956.43017578, -1142.28344727, -3144.46948242, 1017.91381836
322, 354, -1972.80041504, 1598.81542969, -1871.43933105, 1601.09033203, 877.397705078
322, 383, -1173.15979004, -667.705810547, -1173.765625, -667.318969727, 1408.17041016
323, 297, -1314.02770996, -2957.94287109, -1118.47705078, -3204.68725586, 1075.50866699
323, 392, -1896.29040527, 1598.95947266, -2011.21875, 1677.75317383, 1388.91479492
324, 297, -1098.15710449, -3436.84521484, -1106.26196289, -3380.85961914, 1114.58605957
324, 384, -3010.89672852, 2964.71069336, -3011.56323242, 2963.17651367, 721.07623291
324, 397, -2026.47058105, 1931.46594238, -2066.92456055, 2018.09802246, 1091.89978027
325, 297, -1020.88897705, -3654.84204102, -1128.59887695, -3234.95605469, 1154.20300293
325, 399, -2035.30969238, 1677.03381348, -2035.6697998, 1678.33984375, 1050.19604492
325, 384, -3066.7097168, 2960.859375, -3066.17382813, 2959.61108398, 721.07623291
326, 297, -1038.15661621, -3630.03393555, -941.38885498, -3601.62670898, 1072.66320801
326, 402, -2681.87963867, 3932.02172852, -2682.08056641, 3930.70361328, 681.672546387
326, 403, -1359.33398438, -501.533843994, -1366.81738281, -445.062347412, 862.913635254
326, 404, -3272.53710938, 3484.07324219, -3246.44799805, 3374.00683594, 677.41015625
327, 297, -1002.40246582, -3682.90966797, -791.79309082, -3886.47583008, 1120.18713379
327, 397, -2138.93334961, 2287.42651367, -2164.91772461, 2291.37353516, 1164.77099609
328, 297, -955.915771484, -3810.16650391, -774.54675293, -4030.10961914, 1107.6619873
328, 411, -2148.25683594, 2193.36132813, -2149.02294922, 2192.16064453, 977.096740723
329, 297, -745.953491211, -4280.66650391, -761.005249023, -4031.06005859, 1158.90527344
329, 411, -2164.77587891, 2288.68945313, -2190.78100586, 2285.90527344, 891.770935059
329, 403, -1436.76025391, -94.2673721313, -1502.15551758, -93.6201171875, 878.29119873
330, 297, -699.123840332, -4451.22070313, -742.407226563, -4077.58666992, 1158.7935791
330, 411, -2191.77392578, 2287.40014648, -2323.8425293, 2286.29956055, 916.737915039
331, 297, -699.003173828, -4450.98632813, -601.772460938, -4409.44140625, 1079.44628906
331, 411, -2202.72509766, 2196.93041992, -2281.85449219, 2196.63500977, 961.576049805
332, 411, -2286.99462891, 2377.44067383, -2340.45922852, 2376.94067383, 893.758605957
332, 297, -656.571289063, -4492.67626953, -471.166503906, -4746.9765625, 1112.28417969
333, 297, -635.810668945, -4572.74755859, -451.882202148, -4839.10400391, 1146.80432129
333, 414, -1631.32470703, 483.879760742, -1620.86572266, 417.442901611, 1365.70483398
333, 411, -2261.04370117, 2377.49169922, -2342.67529297, 2381.32885742, 893.15411377
334, 297, -383.896606445, -5131.98876953, -382.883911133, -4980.40820313, 1158.38171387
335, 297, -274.397003174, -5275.64306641, -380.809051514, -4839.07177734, 1203.02722168
336, 423, -2297.9362793, 2286.82104492, -2352.00830078, 2291.11376953, 1127.74108887
336, 297, -274.100524902, -5291.25, -186.474472046, -5259.79443359, 1098.37561035
337, 416, -1719.88769531, 758.694641113, -2307.66821289, 2195.67822266, 1319.83532715
338, 297, -245.78767395, -5411.61474609, -9.39136600494, -5527.25830078, 1004.51806641
338, 423, -2053.11767578, 1933.40649414, -2234.88378906, 1933.00878906, 1147.95617676
339, 423, -2454.60473633, 2857.09057617, -2438.32739258, 2759.17504883, 1049.43188477
340, 423, -2378.39013672, 2291.24951172, -2367.83422852, 2377.27856445, 1108.44055176
341, 423, -2386.25610352, 2471.08544922, -2341.93286133, 2378.36303711, 1112.41943359
342, 423, -2347.89331055, 2565.49707031, -2395.33032227, 2381.79516602, 1094.5690918
343, 423, -2347.73779297, 2566.03686523, -2395.61621094, 2381.76171875, 1133.50292969
344, 423, -2073.05078125, 1593.49816895, -2098.65429688, 1595.55749512, 1327.50500488
345, 423, -2074.48510742, 1597.88964844, -2088.62036133, 1678.95629883, 1311.28613281
347, 433, -2355.85498047, 3594.8762207, -2384.33178711, 3593.12744141, 908.859375
348, 433, -2303.31201172, 2019.6986084, -2346.41186523, 2107.11474609, 1208.26391602
349, 436, -2392.75976563, 3815.29370117, -2476.09423828, 2378.70605469, 1116.52868652
350, 436, -2250.69897461, 1600.32458496, -2251.49169922, 1599.92028809, 1236.02905273
351, 437, -2422.80200195, 3820.68896484, -2423.19091797, 3822.29321289, 839.903991699
351, 438, -3611.83886719, 4930.79394531, -3611.63598633, 4930.42919922, 1028.58789063
352, 438, -3640.64404297, 5060.58837891, -3641.0847168, 5060.62451172, 1028.08532715
353, 439, -2477.08007813, 2104.37792969, -2381.82397461, 2019.71875, 730.168823242
353, 440, -2565.42041016, 4662.89794922, -2543.67822266, 4534.87695313, 692.194213867
354, 446, -3868.72509766, 5905.73291016, -3868.98510742, 5908.1171875, 656.383178711
356, 456, -3838.30786133, 5909.94677734, -3839.77758789, 5914.18310547, 802.524597168
357, 450, -2544.50390625, 4537.7265625, -2573.6394043, 4535.34570313, 744.015197754
358, 456, -3908.98754883, 6062.0390625, -3943.62988281, 6066.89599609, 752.037780762
359, 456, -3840.57006836, 5916.68652344, -3905.75854492, 6058.22021484, 770.410217285
360, 460, -2617.70605469, 4786.14892578, -2588.13964844, 4789.44580078, 640.734313965
361, 460, -2648.83569336, 4787.8828125, -2617.89648438, 4792.22705078, 695.596252441
365, 477, -3316.84570313, 4921.80761719, -3291.16674805, 4798.20800781, 1024.48913574
377, 498, -2916.5402832, 5199.046875, -2917.75610352, 5199.98730469, 500.488464355
379, 498, -2994.92285156, 5617.47314453, -3115.58056641, 5903.27050781, 472.981048584
383, 501, -3349.76391602, 6054.89160156, -3351.22729492, 6056.89941406, 529.346313477
396, 508, -3378.75585938, 5059.89648438, -3377.53051758, 5057.40771484, 832.365600586
399, 511, -3190.22949219, 4928.89404297, -3222.49194336, 4928.21142578, 825.496337891
401, 511, -3127.484375, 4928.72460938, -3158.59838867, 4928.23876953, 792.918884277
402, 511, -3131.73510742, 4800.77099609, -3132.27099609, 4798.59375, 1046.52185059
404, 511, -3162.95117188, 4797.82421875, -3194.21118164, 4796.64990234, 1046.52185059
406, 511, -3262.58789063, 4665.88916016, -3318.74609375, 4787.88134766, 1127.18054199
407, 511, -3293.28613281, 4664.60058594, -3294.53051758, 4666.7890625, 1127.69677734
408, 515, -3212.99584961, 4290.79199219, -3213.34106445, 4291.44775391, 1158.95288086
409, 515, -3213.42358398, 4290.73095703, -3188.53027344, 4172.15625, 1214.81201172
410, 515, -3136.18457031, 3940.12060547, -3137.02587891, 3937.8359375, 1213.48828125
411, 515, -3137.72998047, 3937.63354492, -3137.80249023, 3935.54077148, 1232.68518066
412, 515, -3166.40209961, 3940.17138672, -3166.83251953, 3938.34863281, 1232.79882813
413, 515, -3140.47900391, 3821.54907227, -3139.77880859, 3818.12548828, 1214.10314941
414, 515, -3165.71386719, 3934.64868164, -3165.14208984, 3931.90136719, 1203.58557129
415, 515, -3165.27685547, 3933.03540039, -3165.6328125, 3932.47900391, 1232.79882813
416, 515, -3140.96948242, 3818.13110352, -3141.21191406, 3818.22314453, 1246.73693848
417, 519, -3140.32543945, 3818.87646484, -3140.04101563, 3814.80664063, 1093.26831055
419, 518, 1546.86364746, -5527.32714844, 1199.85803223, -5527.35107422, 1038.98510742
420, 518, 1421.19519043, -5526.95458984, 1189.59020996, -5527.15429688, 1164.82263184
421, 518, 1210.47790527, -5526.890625, 1210.41210938, -5527.125, 1239.23547363
422, 518, 1197.26049805, -5306.48779297, 1173.15722656, -5366.5234375, 1277.62353516
423, 518, 1172.6862793, -5116.05908203, 1039.37109375, -5098.98632813, 1194.14013672
424, 518, 1178.62670898, -5032.53662109, 927.08026123, -4728.55908203, 1256.31018066
425, 518, 1113.3112793, -4708.26660156, 947.947998047, -4747.48095703, 1202.46520996
426, 518, 895.438171387, -4533.20361328, 939.05859375, -4728.82568359, 1255.11535645
426, 523, -2946.96118164, 3057.86694336, -2946.42553711, 3058.97363281, 493.154754639
427, 518, 923.317443848, -4430.39257813, 894.584533691, -4533.04736328, 1295.44641113
427, 523, -2949.16455078, 3062.75952148, -2948.82055664, 3063.79492188, 493.154754639
428, 518, 909.615600586, -4345.74169922, 780.527526855, -4237.33154297, 1180.18115234
428, 523, -2927.27172852, 2962.83544922, -2927.20239258, 2962.75244141, 516.825927734
429, 518, 889.100341797, -4214.81982422, 647.16418457, -3982.64038086, 1171.29577637
429, 523, -2949.35473633, 3060.11010742, -2948.59765625, 3060.6796875, 493.154754639
430, 518, 812.547790527, -3862.20507813, 649.762939453, -3959.03857422, 1150.46203613
430, 523, -2926.09423828, 2963.0390625, -2946.32177734, 3055.99316406, 516.825927734
431, 518, 661.778259277, -3682.28051758, 651.575744629, -3934.60620117, 1204.74230957
431, 531, 4438.04638672, -665.649597168, 4270.24853516, -719.862426758, 1103.65393066
431, 523, -2944.88867188, 3060.65600586, -2890.11010742, 3055.70605469, 489.624542236
432, 518, 604.879333496, -3520.78930664, 568.21697998, -3602.97680664, 1154.53356934
432, 531, 4299.74023438, -555.175231934, 4197.51953125, -500.704315186, 1261.13696289
432, 532, -2813.17529297, 2957.89916992, -2755.28417969, 2954.79833984, 540.161499023
433, 518, 587.913452148, -3548.59960938, 449.957214355, -3410.0715332, 1150.97924805
433, 532, -2743.4519043, 2758.453125, -2709.14379883, 2855.28051758, 665.832092285
434, 518, 581.152526855, -3436.78564453, 338.392486572, -3235.77368164, 1125.23498535
434, 532, -2629.92358398, 2472.62597656, -2647.94750977, 2565.0703125, 655.769226074
435, 518, 481.101745605, -3144.55932617, 339.617828369, -3206.49389648, 1106.75268555
435, 531, 3972.84692383, -155.32989502, 3864.16357422, -154.329879761, 1267.4720459
435, 532, -2629.67700195, 2473.08007813, -2647.85424805, 2565.16674805, 633.453796387
436, 518, 285.622192383, -3021.35473633, 340.511077881, -3175.42456055, 1115.08190918
436, 531, 3843.77978516, -90.6027450562, 3645.03466797, 28.9605045319, 1203.43200684
436, 532, -2610.26855469, 2382.42553711, -2622.94165039, 2564.65209961, 632.614807129
437, 518, 259.515594482, -2860.48291016, 210.383621216, -2892.27856445, 1030.51757813
437, 531, 3843.79052734, 29.099155426, 3582.08544922, -91.1218338013, 1268.94311523
437, 535, -2592.11010742, 2291.8996582, -2584.87451172, 2379.08374023, 654.360229492
438, 518, 243.195144653, -2860.19848633, 132.265808105, -2760.29467773, 1076.11584473
438, 531, 3822.84008789, 346.5496521, 3732.63793945, 283.699523926, 1293.44689941
439, 518, 247.086410522, -2726.63378906, 2.87828850746, -2623.28466797, 1089.15576172
439, 537, -2550.21582031, 2200.18920898, -2547.91137695, 2200.15087891, 695.771850586
440, 518, 120.979850769, -2480.94970703, 2.06266021729, -2622.71606445, 1063.93994141
440, 537, -2549.97949219, 2197.85400391, -2547.18408203, 2198.10302734, 674.893249512
440, 531, 3536.94506836, -94.9641036987, 3432.38061523, -212.593841553, 1377.55993652
441, 518, 2.79337334633, -2445.18408203, 1.68537378311, -2517.22851563, 1068.47229004
441, 537, -2547.25976563, 2192.20605469, -2519.96289063, 2193.21826172, 716.436828613
441, 531, 3450.31884766, -92.9427642822, 3341.08447266, -94.5996932983, 1363.73254395
442, 518, -14.7894849777, -2219.52368164, -67.1296386719, -2220.38598633, 1065.49353027
442, 537, -2546.85766602, 2194.46044922, -2520.88037109, 2193.64501953, 665.042663574
442, 531, 3470.46435547, -95.8157043457, 3322.18676758, -152.397659302, 1355.56799316
443, 518, -15.7484149933, -2143.32275391, -157.133377075, -2101.765625, 1057.82629395
443, 537, -2546.24584961, 2195.72167969, -2520.47875977, 2194.38818359, 644.124084473
443, 531, 3386.98291016, -154.315383911, 3321.65649414, -154.779876709, 1036.58068848
444, 518, -32.9131164551, -2100.88745117, -285.378204346, -1941.43359375, 1023.6696167
444, 537, -2317.70068359, 1681.92089844, -2308.02514648, 1762.09228516, 725.465087891
444, 538, 3364.95922852, -154.005477905, 3323.17626953, -152.544708252, 1355.83886719
445, 518, -162.298187256, -1774.0012207, -305.19708252, -1857.86975098, 1005.83441162
445, 537, -2358.0222168, 1760.59313965, -2308.51806641, 1762.96264648, 671.545410156
445, 538, 3343.98681641, -153.076324463, 3384.03857422, -95.4206390381, 1335.30725098
446, 518, -290.124664307, -1774.70019531, -306.439086914, -1816.75390625, 1031.33520508
446, 537, -2253.4753418, 1600.12475586, -2267.11743164, 1678.19213867, 642.89666748
447, 518, -319.769012451, -1464.31713867, -391.317352295, -1553.58581543, 1003.8326416
447, 538, 3408.78076172, -153.08253479, 3430.19628906, -152.304443359, 1336.33837891
447, 537, -2251.89282227, 1596.04321289, -2250.03173828, 1597.63452148, 642.619995117
448, 518, -335.139221191, -1554.64624023, -473.766601563, -1418.91088867, 1022.63006592
448, 537, -2237.91992188, 1518.39172363, -2249.73828125, 1592.92614746, 662.723449707
449, 518, -380.759399414, -1371.02124023, -534.081115723, -1369.03161621, 958.313415527
449, 538, 3471.50708008, -96.0299758911, 3431.08032227, -151.853530884, 1356.42687988
449, 537, -2237.43286133, 1514.59436035, -2235.55371094, 1515.75549316, 682.575134277
450, 518, -487.717681885, -1131.86132813, -594.034545898, -1324.03430176, 1040.99645996
450, 538, 3472.60888672, -93.3673477173, 3430.3137207, -151.582839966, 1397.25964355
450, 537, -2235.65527344, 1511.55505371, -2235.05981445, 1513.75671387, 682.575134277
451, 518, -541.686828613, -1228.73950195, -600.362182617, -1227.63671875, 1019.34790039
451, 538, 3402.43310547, 28.5295677185, 3426.37475586, -31.6488380432, 1350.61108398
451, 537, -2220.17456055, 1431.76293945, -2220.13256836, 1435.49743652, 725.386657715
452, 518, -576.575195313, -980.126342773, -656.216064453, -981.973999023, 958.034484863
452, 538, 3459.39208984, 346.170593262, 3506.16455078, 283.193664551, 1402.06262207
