1, 1, -2304.75415039, 973.954833984, -2100.22607422, 905.501464844, 873.977966309
1, 0, -1800.77319336, 979.62097168, -1764.69592285, 1052.57446289, 808.872375488
2, 1, -2218.72338867, 904.302856445, -2110.50854492, 972.309814453, 910.4453125
2, 0, -1753.01696777, 975.37322998, -1752.4329834, 978.283081055, 877.090576172
3, 1, -2072.87524414, 758.917541504, -1740.29602051, 904.684753418, 916.454772949
4, 1, -2034.43066406, 549.093994141, -1729.19580078, 829.650756836, 936.634521484
5, 1, -2021.21875, 482.665008545, -1567.81738281, 687.408569336, 975.207580566
6, 7, -1963.37915039, 413.262023926, -1512.421875, 618.812805176, 928.422668457
9, 1, -1774.56420898, -29.9189395905, -1465.31262207, 284.67010498, 953.875488281
10, 1, -1453.2253418, 28.6238975525, -1475.71337891, 29.4786739349, 960.549682617
10, 7, -1743.13098145, -91.2629470825, -1707.87731934, -32.4401054382, 881.065185547
14, 1, -1664.4329834, -555.936523438, -1262.38720703, -444.966461182, 1010.71740723
15, 1, -1605.8614502, -665.653991699, -1201.00354004, -609.864807129, 1023.22125244
16, 1, -1564.36669922, -667.775695801, -1206.03234863, -558.475952148, 1080.25012207
17, 15, -1463.12304688, -929.886535645, -1063.7923584, -721.764038086, 1010.39746094
18, 1, -1140.6027832, -928.952148438, -1001.26239014, -929.871154785, 1002.53210449
18, 15, -1467.75305176, -1029.69055176, -1406.9954834, -1033.02307129, 1007.13531494
19, 1, -1114.11169434, -983.623413086, -1036.00183105, -980.812133789, 1013.4732666
19, 15, -1433.21923828, -1130.3125, -1399.89672852, -1083.20458984, 1096.00585938
20, 1, -935.976501465, -1179.64172363, -964.593017578, -1080.8651123, 965.884155273
20, 15, -1376.30773926, -1372.28881836, -1371.88562012, -1275.71252441, 1109.23999023
21, 15, -1343.9050293, -1465.0715332, -1300.43688965, -1368.54553223, 1150.26696777
21, 1, -936.17755127, -1180.0793457, -901.374511719, -1131.11303711, 986.715881348
22, 15, -1343.57397461, -1464.88061523, -1236.08190918, -1417.88317871, 1111.09375
22, 1, -916.051696777, -1368.5736084, -744.156066895, -1371.14294434, 976.421813965
23, 15, -1316.9519043, -1642.63464355, -1138.94909668, -1732.10400391, 1090.12780762
23, 1, -878.519470215, -1370.78112793, -714.300231934, -1508.60668945, 1039.42285156
24, 15, -1267.73864746, -1731.54614258, -1151.0982666, -1774.99963379, 1129.82189941
24, 1, -755.326599121, -1685.86157227, -718.521850586, -1686.13586426, 1034.52563477
25, 15, -1131.25219727, -2061.27832031, -1068.11413574, -1858.58374023, 1143.95935059
25, 1, -722.434143066, -1858.74291992, -708.020507813, -1816.19519043, 1037.94604492
26, 15, -976.941162109, -2181.83056641, -1039.7467041, -1941.23852539, 1135.76391602
26, 1, -713.065917969, -1982.16601563, -657.163696289, -1775.25366211, 1037.71496582
27, 15, -989.209533691, -2219.19091797, -1007.61456299, -2060.70214844, 1130.78820801
27, 1, -705.738037109, -2061.12158203, -526.827758789, -2101.27368164, 1052.75927734
28, 22, 417.379425049, -4345.52636719, 465.027038574, -4030.52172852, 1196.43347168
28, 23, -133.997207642, -4054.23291016, -24.8766002655, -4078.3059082, 1213.4276123
29, 23, 51.8070831299, -4573.67333984, -11.5084457397, -4169.74267578, 1307.23706055
29, 22, 421.66418457, -4281.52001953, 689.07824707, -4574.09033203, 1215.87255859
30, 23, 87.3189163208, -4670.31347656, 85.2679290771, -3910.82495117, 1277.90319824
30, 22, 485.203887939, -4302.95263672, 687.444030762, -4689.93261719, 1242.12268066
31, 23, 88.4123001099, -4651.22314453, 232.152114868, -4746.74658203, 1278.6237793
31, 22, 730.602966309, -4928.64208984, 688.230957031, -4690.09863281, 1323.98010254
32, 23, 87.4727783203, -4689.61474609, 278.898590088, -5032.33691406, 1312.2644043
32, 22, 814.922851563, -5148.42041016, 700.299682617, -4689.52539063, 1317.14416504
33, 23, 179.469406128, -4874.84033203, 274.034912109, -5131.38427734, 1321.42114258
33, 22, 812.922912598, -5164.66796875, 877.924560547, -4728.68701172, 1259.81799316
34, 23, 292.814117432, -5396.15673828, 318.100769043, -5148.90478516, 1270.22802734
34, 22, 815.157165527, -5148.64257813, 1201.76318359, -5381.85888672, 1228.78662109
35, 23, 400.749969482, -5527.22802734, 432.679595947, -5527.17919922, 1209.12719727
35, 22, 883.079833984, -5147.84228516, 1189.43469238, -5526.99609375, 1210.015625
36, 23, 411.507995605, -5527.22070313, 519.093505859, -5397.14990234, 1117.2512207
36, 32, 1252.02160645, -5527.23535156, 1189.89892578, -5527.11230469, 1145.3927002
37, 23, 421.652893066, -5527.40917969, 663.631652832, -5527.39648438, 1014.31134033
37, 32, 1420.0612793, -5527.25927734, 1200.07958984, -5526.94189453, 982.582458496
42, 48, 4066.08764648, 30.8719158173, 4293.43261719, 217.204818726, 495.988708496
43, 49, -2993.12304688, 2286.00415039, -2993.16479492, 2285.3515625, 741.918334961
45, 53, -2992.82714844, 2758.18334961, -2911.73706055, 2759.76147461, 1106.87207031
46, 55, -2806.35253906, 2291.86376953, -2805.74829102, 2288.96386719, 738.934509277
47, 54, -2844.99438477, 4799.33984375, -2866.07739258, 4920.44433594, 353.742431641
51, 63, -2555.60839844, 2103.24926758, -2555.7097168, 2104.83666992, 817.404602051
52, 63, -2469.91210938, 1680.63989258, -2469.47705078, 1681.97924805, 883.170288086
53, 63, -2445.09790039, 1676.50537109, -2445.21386719, 1676.78674316, 804.242919922
54, 69, -2445.37719727, 1677.73791504, -2418.90405273, 1679.56921387, 849.869873047
55, 69, -2427.38549805, 1596.84838867, -2276.3190918, 1596.58557129, 852.8125
56, 69, -2311.35620117, 1516.14941406, -2251.22631836, 1592.46594238, 965.797851563
57, 69, -2261.03027344, 1510.5032959, -2236.41577148, 1514.46520996, 1120.50939941
58, 69, -2208.0480957, 1356.60046387, -2235.0168457, 1510.76306152, 1165.70874023
59, 69, -2216.69360352, 1277.44958496, -2220.80639648, 1434.1105957, 940.514343262
59, 72, -3085.35058594, 3701.85742188, -3061.5246582, 3594.28295898, 674.761291504
60, 69, -2150.97900391, 1051.31933594, -2139.04492188, 1124.49975586, 883.632202148
60, 72, -3061.46191406, 3593.33129883, -3037.97070313, 3484.63183594, 675.074829102
61, 69, -2135.7265625, 975.95489502, -2112.79077148, 978.377990723, 1228.24182129
61, 76, -3060.13549805, 3590.70288086, -2986.73388672, 3376.71655273, 679.340332031
62, 77, -2968.06152344, 3163.15551758, -2968.71166992, 3164.77001953, 778.030944824
62, 69, -2136.81591797, 972.625976563, -2112.06591797, 974.946777344, 893.078125
64, 69, -2120.37670898, 759.712768555, -2084.98876953, 830.859436035, 916.850158691
64, 85, -2897.6394043, 2960.23071289, -2925.47314453, 2962.55224609, 836.117980957
65, 69, -2068.29394531, 484.719329834, -2082.03125, 687.415893555, 911.964477539
66, 69, -2033.47839355, 416.530578613, -2044.89929199, 484.157318115, 905.312805176
66, 86, -2792.88964844, 2470.35571289, -2819.44262695, 2472.53735352, 924.727416992
66, 91, -2297.16015625, 3062.86352539, -2306.58178711, 2961.53344727, 707.536254883
67, 69, -2123.93383789, 415.065704346, -2032.66772461, 416.387786865, 925.821105957
67, 87, -2819.69799805, 2471.74658203, -2800.46899414, 2379.65429688, 883.485351563
68, 69, -2152.33032227, 218.870681763, -2020.14904785, 348.518798828, 937.457092285
68, 91, -2279.42041016, 2958.97216797, -2278.83056641, 2956.36889648, 586.048706055
69, 69, -2102.66259766, -31.2397346497, -1995.9050293, 217.135238647, 933.722351074
69, 87, -2820.66772461, 2472.79370117, -2793.35058594, 2472.88037109, 999.723083496
69, 91, -2245.78979492, 2758.6484375, -2287.70361328, 2855.66552734, 629.78692627
70, 69, -2102.39135742, -31.9151973724, -1971.56469727, -31.7809619904, 913.112121582
70, 87, -2827.19140625, 2377.83935547, -2780.59472656, 2288.39697266, 1041.34912109
70, 95, -2223.19458008, 2473.54882813, -2223.38671875, 2471.29125977, 770.715515137
71, 69, -2102.08886719, -33.1027030945, -1939.52355957, -95.9441223145, 928.117370605
71, 95, -2191.6809082, 2289.40332031, -2191.69335938, 2289.66943359, 736.92175293
71, 87, -3099.30419922, 2858.43212891, -2827.81030273, 2381.9230957, 857.569519043
72, 69, -2055.27319336, -271.316345215, -1937.59936523, -214.045333862, 988.320617676
72, 95, -2165.16088867, 2282.93554688, -2151.44775391, 2199.40209961, 752.310058594
73, 69, -1999.44140625, -555.886047363, -1895.40856934, -331.404022217, 996.135375977
73, 95, -2150.76586914, 2198.01367188, -2123.52685547, 2197.75048828, 860.989685059
74, 69, -1999.48632813, -557.28515625, -1915.93847656, -555.232666016, 952.659118652
74, 95, -2118.13964844, 2018.93969727, -2106.67407227, 2103.95092773, 792.329284668
74, 87, -3121.79223633, 2955.41040039, -3098.38671875, 2856.16650391, 764.760559082
75, 69, -2018.68505859, -558.557556152, -1925.17773438, -614.615539551, 989.370300293
75, 96, -2092.80859375, 2018.59387207, -2054.81396484, 2105.98730469, 784.859313965
76, 69, -2028.70922852, -614.119262695, -1884.33557129, -825.633239746, 984.592163086
76, 96, -2036.09204102, 1681.46081543, -1947.6595459, 1761.73242188, 822.858886719
77, 87, -3109.76977539, 2663.02832031, -2928.7590332, 2472.48095703, 727.935668945
77, 96, -2011.00305176, 1680.49499512, -1859.85290527, 1680.40515137, 817.593139648
77, 69, -1954.14465332, -981.276733398, -1874.58703613, -978.735778809, 1011.80914307
78, 69, -1992.00964355, -1179.34997559, -1854.36657715, -982.439697266, 1045.05932617
78, 87, -3021.06616211, 2288.00170898, -2893.43286133, 2197.50463867, 741.918334961
78, 96, -1846.57971191, 1594.65673828, -1844.46203613, 1596.17419434, 817.53326416
79, 69, -1962.49255371, -1228.54858398, -1883.8762207, -1130.34301758, 1027.50012207
79, 87, -3021.84106445, 2288.7199707, -2894.39355469, 2199.61669922, 738.097412109
79, 96, -1796.1451416, 1432.51513672, -1821.94128418, 1433.66894531, 870.906921387
80, 69, -1913.06115723, -1370.20166016, -1854.94665527, -1372.29309082, 1061.06115723
80, 96, -1784.69824219, 1356.03320313, -1784.02075195, 1356.52807617, 846.31652832
80, 87, -3022.20776367, 2286.77807617, -2973.82910156, 2198.4699707, 711.754272461
81, 87, -2951.97363281, 2104.00732422, -2795.69287109, 1762.95898438, 872.991333008
81, 69, -2009.80236816, -1275.52453613, -1838.0447998, -1463.78515625, 1082.79882813
81, 96, -1748.97436523, 1124.14135742, -1762.21276855, 1052.10534668, 780.358825684
82, 87, -2911.12182617, 1930.88562012, -2794.97680664, 1763.00341797, 847.395080566
82, 69, -1913.02478027, -1728.39489746, -1809.56567383, -1598.60754395, 1074.89672852
82, 96, -1763.02038574, 1048.55895996, -1728.05578613, 979.431762695, 807.081542969
83, 69, -1902.92675781, -1857.41369629, -1783.3885498, -1729.74389648, 1098.95629883
83, 96, -1716.59423828, 903.715881348, -1716.30541992, 904.002258301, 820.177185059
83, 87, -2845.80102539, 1760.17736816, -2757.58056641, 1597.23986816, 836.311523438
84, 87, -2790.20092773, 1517.2265625, -2713.58178711, 1512.28942871, 855.983093262
84, 69, -1884.62121582, -1857.33337402, -1802.16577148, -1817.48730469, 1066.54638672
84, 96, -1739.99975586, 902.320861816, -1739.9987793, 902.53527832, 820.177185059
85, 87, -2741.3515625, 1200.97619629, -2668.46728516, 1201.34375, 1033.10327148
85, 69, -1858.30529785, -1981.15844727, -1707.89233398, -2103.32641602, 1120.03540039
85, 96, -1732.14770508, 687.795593262, -1630.39172363, 484.468200684, 927.024658203
86, 69, -1849.33605957, -2022.02404785, -1685.17285156, -2219.7175293, 1114.26855469
86, 87, -2723.57446289, 1123.70910645, -2626.51318359, 1123.91601563, 925.416503906
86, 96, -1757.79150391, 415.334381104, -1644.41271973, 418.896850586, 855.52520752
87, 69, -1739.43261719, -2370.81518555, -1662.1159668, -2334.15600586, 1131.4934082
87, 87, -2665.83251953, 977.016662598, -2537.69921875, 1050.30395508, 966.130004883
87, 96, -1712.42614746, 412.487792969, -1634.1529541, 348.712982178, 973.059936523
88, 69, -1682.43054199, -2481.00952148, -1654.34594727, -2369.74511719, 1096.30517578
88, 87, -2687.13964844, 972.785217285, -2520.89135742, 974.000732422, 861.787536621
88, 96, -1669.81018066, 283.599822998, -1573.2512207, 92.8715057373, 929.79119873
89, 69, -1596.75976563, -2657.55957031, -1520.79992676, -2623.36889648, 1129.72509766
89, 87, -2648.12182617, 904.204040527, -2504.63598633, 904.545715332, 863.794128418
89, 96, -1600.08850098, -31.072977066, -1545.80041504, -91.8001251221, 924.412231445
90, 87, -2513.17651367, 829.158935547, -2480.64770508, 899.074401855, 879.328918457
90, 69, -1589.96166992, -2691.53662109, -1341.40063477, -2892.3996582, 1148.80603027
90, 96, -1536.69934082, -154.121444702, -1537.32617188, -154.523147583, 983.502990723
91, 96, -1477.06054688, -557.490539551, -1401.57434082, -501.869232178, 1005.18762207
91, 87, -2436.51757813, 482.93157959, -2390.63696289, 483.549438477, 941.110839844
91, 69, -1481.91296387, -2827.1862793, -1329.90356445, -2956.48510742, 1205.26550293
92, 96, -1373.81884766, -558.137329102, -1330.50915527, -559.449035645, 999.301025391
92, 87, -2399.13305664, 416.086791992, -2353.76611328, 418.591888428, 944.483154297
92, 69, -1358.44921875, -3143.97924805, -1298.51745605, -2959.06567383, 1171.29052734
93, 69, -1211.2052002, -3380.09130859, -1298.05041504, -2956.40917969, 1216.45727539
93, 87, -2397.67871094, 414.235198975, -2375.84716797, 415.861053467, 939.083435059
93, 96, -1476.53295898, -559.346374512, -1188.04016113, -877.52532959, 971.625915527
94, 69, -1210.72717285, -3380.61401367, -1091.0736084, -3380.45996094, 1177.60351563
94, 96, -1274.83105469, -979.336242676, -1201.60095215, -930.57244873, 1004.60388184
94, 87, -2332.93286133, 219.115066528, -2333.78515625, 218.828475952, 1022.24304199
95, 96, -1169.3581543, -1031.07348633, -1195.62316895, -981.390258789, 1006.47906494
95, 69, -1192.0267334, -3408.61450195, -937.749145508, -3629.94921875, 1237.53967285
95, 87, -2292.80541992, 30.0076217651, -2261.82470703, 92.5590362549, 1011.5838623
96, 100, -2530.53613281, 2380.00927734, -2450.36157227, 2379.39404297, 710.997131348
96, 87, -2253.40991211, -151.673995972, -2200.46655273, -92.9630126953, 952.476379395
96, 96, -1146.96960449, -1369.82885742, -1070.75756836, -1371.37023926, 1070.0760498
96, 69, -1053.75488281, -3628.74731445, -927.231628418, -3708.94873047, 1224.97546387
97, 69, -941.395996094, -4007.23901367, -902.967956543, -3785.98095703, 1282.56311035
97, 100, -2529.77050781, 2378.33081055, -2422.3046875, 2377.58227539, 679.47064209
97, 87, -2231.46704102, -153.926803589, -2156.89477539, -95.8226852417, 988.965270996
97, 96, -1089.81689453, -1371.83007813, -930.454956055, -1419.33068848, 1031.42480469
98, 69, -861.677124023, -4191.59423828, -892.301452637, -3860.39306641, 1259.77209473
98, 96, -1091.60668945, -1510.03613281, -858.950500488, -1771.87927246, 1078.44250488
98, 87, -2218.23901367, -215.286331177, -2165.31518555, -155.873657227, 992.878845215
98, 100, -2476.45385742, 2381.29125977, -2413.68969727, 2473.28466797, 705.862915039
99, 87, -2165.86157227, -557.487976074, -2123.89575195, -555.36541748, 1042.59423828
99, 69, -845.851379395, -4213.65576172, -726.362365723, -4215.25683594, 1269.5234375
99, 96, -872.828613281, -1817.4387207, -876.965087891, -1775.30285645, 1100.54602051
99, 100, -2380.86132813, 2289.89013672, -2378.00439453, 2290.70141602, 679.178710938
100, 87, -2257.02685547, -612.458435059, -2123.60253906, -556.387573242, 1071.72644043
100, 69, -845.244140625, -4214.51416016, -620.284729004, -4472.20654297, 1276.50439453
100, 96, -752.517150879, -2142.01904297, -852.616210938, -2022.35314941, 1061.38549805
100, 100, -2378.72143555, 2285.74560547, -2377.60424805, 2286.36279297, 653.118713379
101, 87, -2266.72119141, -929.757568359, -2144.4934082, -556.425231934, 1008.60308838
101, 96, -698.328674316, -2369.05932617, -686.866638184, -2296.85864258, 1084.85510254
101, 69, -732.557800293, -4388.48828125, -598.564758301, -4572.21826172, 1242.95507813
102, 87, -2303.37451172, -773.551513672, -2253.32397461, -721.637634277, 1306.12353516
102, 96, -694.106201172, -2409.17651367, -492.377044678, -2656.18579102, 1078.1730957
102, 69, -652.953796387, -4857.60009766, -598.569396973, -4573.19873047, 1302.95239258
102, 103, -2359.79345703, 2194.09594727, -2336.62207031, 2194.3840332, 689.017456055
103, 96, -689.058227539, -2482.07836914, -497.331512451, -2827.74267578, 1112.15014648
103, 69, -575.339233398, -5032.13818359, -585.657897949, -4573.2265625, 1285.82409668
103, 87, -2266.53149414, -930.972167969, -2282.5559082, -1029.96740723, 1033.22949219
103, 103, -2360.55053711, 2198.91577148, -2337.25366211, 2199.10888672, 673.69342041
104, 69, -563.948486328, -5032.53369141, -454.351806641, -5099.40625, 1245.02575684
104, 96, -477.533569336, -3143.69262695, -502.42956543, -2989.51074219, 1110.1027832
104, 103, -2273.09936523, 1845.74072266, -2271.35498047, 1845.42004395, 773.780822754
104, 104, -3034.78808594, 1597.42248535, -2960.05664063, 1592.98364258, 626.132446289
105, 69, -563.749633789, -5032.93896484, -344.63293457, -5382.28564453, 1237.68005371
105, 96, -355.814575195, -3408.27929688, -429.298217773, -3174.94946289, 1113.04211426
105, 105, -2257.7746582, 1762.11547852, -2256.1105957, 1761.23046875, 674.416442871
106, 69, -506.322753906, -5274.99560547, -334.702178955, -5526.99414063, 1206.72753906
106, 103, -2249.31347656, 1594.94189453, -2225.39428711, 1595.31762695, 821.636901855
106, 96, -353.823150635, -3438.24951172, -131.852920532, -3437.40429688, 1157.55517578
106, 104, -2946.25537109, 1434.859375, -2920.33447266, 1433.43322754, 710.601318359
107, 69, -440.335266113, -5527.25341797, -324.465698242, -5526.95654297, 1035.00244141
107, 103, -2249.55102539, 1594.18713379, -2224.79663086, 1593.40881348, 790.53894043
107, 96, -354.40737915, -3439.03051758, 2.76262044907, -3810.484375, 1128.61425781
107, 104, -2970.55517578, 1434.88146973, -2945.50952148, 1434.00244141, 710.601318359
108, 69, -429.360168457, -5527.34570313, -261.569915771, -5527.32568359, 896.134216309
108, 103, -2235.21630859, 1511.57458496, -2185.22851563, 1513.32214355, 858.296386719
108, 96, -185.143890381, -3656.11108398, 16.3422145844, -3861.92651367, 1135.2388916
108, 104, -2931.95166016, 1276.1463623, -2883.12939453, 1277.34423828, 776.80859375
109, 103, -2182.01782227, 1356.12011719, -2120.88134766, 1431.81225586, 864.831481934
109, 96, 212.715866089, -4259.63037109, 16.1968841553, -3861.30175781, 1161.75952148
109, 104, -2875.51367188, 1049.61254883, -2851.45336914, 1050.96972656, 772.081787109
110, 103, -2139.3581543, 1125.91967773, -2141.99194336, 1276.69616699, 835.632751465
110, 96, 282.17791748, -4450.90087891, 139.338012695, -3983.4543457, 1221.73205566
110, 104, -2917.01074219, 1123.59606934, -2846.20361328, 1125.12438965, 772.163146973
110, 112, 4429.31298828, 219.299453735, 4087.24780273, 29.8124732971, 1225.0793457
111, 103, -2112.28393555, 977.765563965, -2040.08984375, 978.324645996, 876.359741211
111, 96, 292.61630249, -4492.53271484, 653.012695313, -4670.97314453, 1146.27355957
111, 104, -2803.76318359, 1049.80847168, -2755.68481445, 1049.73876953, 747.633117676
111, 112, 4109.18798828, 29.7953205109, 4446.61767578, 153.413543701, 1279.89050293
112, 103, -2087.55395508, 974.114257813, -1968.55822754, 974.325256348, 864.865539551
112, 104, -2768.40283203, 903.133850098, -2698.01831055, 903.628723145, 803.532104492
112, 96, 322.968200684, -4410.00585938, 730.33795166, -4928.45947266, 1210.05981445
112, 112, 4429.26757813, 219.231307983, 4421.19580078, 91.8401412964, 1284.11791992
113, 103, -2050.77856445, 900.865234375, -1933.35693359, 904.707458496, 859.744873047
113, 96, 589.566467285, -4928.38769531, 739.76965332, -4946.17285156, 1207.20861816
113, 104, -2721.65087891, 904.241760254, -2720.18603516, 903.526672363, 683.104980469
114, 103, -1965.44348145, 687.521484375, -1884.50354004, 757.025390625, 930.802368164
114, 96, 964.096618652, -5441.02392578, 761.632751465, -4874.60742188, 1296.0123291
114, 104, -2703.57373047, 829.317626953, -2695.71191406, 898.330505371, 765.858642578
114, 117, 3887.07299805, -92.0557785034, 3799.13964844, -152.73526001, 1322.5032959
115, 103, -1942.92016602, 688.100402832, -1895.80078125, 688.73815918, 907.334472656
115, 96, 989.719116211, -5527.03613281, 956.777954102, -5115.27832031, 1231.00720215
115, 104, -2686.41455078, 758.604797363, -2679.10229492, 828.643188477, 761.41809082
115, 117, 3821.2902832, -153.982696533, 3797.67114258, -155.394760132, 1371.57263184
116, 103, -1850.5222168, 415.910949707, -1848.83203125, 417.035858154, 924.043273926
116, 104, -2686.59130859, 759.359130859, -2679.34838867, 829.544921875, 738.502685547
116, 117, 3712.29296875, -30.8136386871, 3560.28222656, -91.3481750488, 1313.37451172
117, 103, -1827.10705566, 412.932830811, -1827.17407227, 412.818481445, 921.659973145
117, 104, -2653.39672852, 618.683776855, -2662.59912109, 757.085754395, 757.031677246
118, 103, -1838.03063965, 348.997344971, -1815.12341309, 346.601928711, 989.894897461
118, 104, -2620.75170898, 482.766845703, -2612.84399414, 549.385742188, 757.031677246
118, 117, 3494.45043945, -91.2433853149, 3470.16601563, -95.8129119873, 1460.53442383
119, 103, -1772.41894531, 92.5387878418, -1637.66455078, 217.235168457, 1000.01837158
119, 115, 3798.36645508, -556.090881348, 3693.95556641, -500.521728516, 1373.58544922
119, 117, 3448.78417969, -96.0223007202, 3277.44311523, -155.737716675, 1455.83569336
120, 103, -1728.03259277, 91.6412811279, -1618.08215332, 92.6725921631, 885.40802002
120, 117, 3449.26074219, -95.9113235474, 3299.30273438, -154.938598633, 1442.34509277
120, 104, -2566.74633789, 347.413208008, -2565.18041992, 347.243347168, 825.042541504
121, 103, -1698.47058105, -95.3340835571, -1589.6784668, -92.8275299072, 960.288391113
121, 117, 3344.25390625, -152.379699707, 3256.38818359, -154.456176758, 1441.46606445
121, 104, -2536.84277344, 218.150970459, -2534.96899414, 218.642623901, 840.811035156
122, 117, 3340.24511719, -96.0509109497, 3236.05102539, -151.585601807, 1449.04370117
122, 103, -1581.34179688, -156.024734497, -1580.79797363, -155.210494995, 978.809326172
122, 104, -2490.80688477, 30.391494751, -2496.7487793, 153.712020874, 879.34979248
123, 103, -1528.52490234, -501.68157959, -1535.43395996, -445.816925049, 1011.53344727
123, 104, -2462.37011719, -90.6768035889, -2410.92553711, -31.7866134644, 874.121337891
123, 117, 3360.55371094, -32.7798919678, 3320.02075195, -91.7819671631, 1433.70007324
124, 104, -2439.30371094, -95.2984848022, -2396.09399414, -94.0942230225, 868.474609375
124, 103, -1498.83569336, -557.210510254, -1373.88244629, -556.427124023, 991.621398926
125, 104, -2383.39355469, -152.437698364, -2331.09838867, -94.992729187, 905.117126465
125, 103, -1490.24914551, -609.847106934, -1366.52819824, -611.477905273, 952.625976563
125, 115, 3712.65820313, -153.512619019, 3340.81689453, -556.054504395, 1194.87182617
126, 104, -2390.53271484, -212.077148438, -2318.53857422, -153.051467896, 834.388366699
126, 103, -1458.06018066, -827.014892578, -1350.7109375, -720.39074707, 1013.50390625
126, 115, 3646.9074707, -154.113174438, 3336.4753418, -500.477905273, 1424.09716797
127, 103, -1434.12585449, -982.978942871, -1322.38513184, -929.46661377, 1005.11010742
127, 104, -2412.88623047, -214.664840698, -2317.26660156, -156.151702881, 865.392333984
128, 103, -1400.64978027, -1081.58349609, -1315.74487305, -981.823120117, 1058.51098633
128, 104, -2398.60473633, -271.405395508, -2356.04296875, -271.117279053, 845.329528809
129, 103, -1393.2088623, -1130.8737793, -1228.95214844, -1180.66625977, 1053.17053223
129, 104, -2291.19140625, -555.353881836, -2269.97460938, -556.066650391, 856.472229004
129, 122, 3342.04614258, -92.6515426636, 3319.45068359, -92.5314102173, 1455.22705078
130, 103, -1326.50683594, -1322.43579102, -1178.97814941, -1415.44433594, 1015.88726807
130, 122, 3385.4128418, -91.9440155029, 3316.62255859, -32.8477058411, 1454.16357422
130, 104, -2299.66235352, -610.803344727, -2257.27807617, -611.871704102, 870.54309082
131, 103, -1231.06311035, -1463.76416016, -1178.8996582, -1418.58361816, 1052.4609375
131, 104, -2327.39233398, -665.779418945, -2285.92016602, -667.535461426, 916.297668457
132, 103, -1180.4342041, -1686.65136719, -1150.56604004, -1642.00158691, 1041.97741699
132, 104, -2307.33642578, -665.993530273, -2265.140625, -668.286682129, 892.573181152
132, 122, 3286.20874023, 155.183441162, 3397.8659668, 154.758285522, 1439.5916748
133, 103, -1104.56323242, -1858.2598877, -1101.81604004, -1730.71777344, 1117.54125977
133, 104, -2281.61499023, -773.260192871, -2261.08789063, -773.721252441, 867.846923828
134, 103, -1098.75427246, -1899.23974609, -954.192077637, -1900.30102539, 1079.34143066
134, 104, -2233.99023438, -979.364440918, -2154.09594727, -979.733093262, 878.660461426
135, 104, -2213.02661133, -981.487304688, -2133.50048828, -981.839477539, 874.41027832
135, 103, -1058.10437012, -1941.36340332, -874.753662109, -2143.38525391, 1082.5135498
136, 103, -967.037597656, -2258.68286133, -866.998168945, -2219.60107422, 1095.50402832
136, 104, -2233.03613281, -983.424560547, -2102.73413086, -1034.08337402, 920.448120117
137, 104, -2186.29833984, -1180.45861816, -2111.39501953, -1082.70617676, 910.774414063
137, 103, -911.253723145, -2445.07470703, -851.422119141, -2370.24780273, 1095.0111084
138, 103, -801.863647461, -2691.15917969, -903.063781738, -2370.140625, 1145.56518555
138, 104, -2047.23278809, -1370.61730957, -2039.53979492, -1322.87548828, 842.916687012
139, 103, -801.980895996, -2693.40966797, -654.101318359, -2692.91333008, 1140.90808105
139, 104, -2009.51135254, -1371.6027832, -2028.22619629, -1370.90930176, 803.729187012
140, 103, -802.302856445, -2693.8737793, -631.317138672, -2959.09814453, 1123.44799805
140, 104, -1999.36633301, -1417.48022461, -1980.82409668, -1415.43273926, 828.864868164
141, 104, -1988.87414551, -1463.16992188, -1819.54370117, -1642.10217285, 855.827697754
141, 103, -740.050964355, -2990.30371094, -621.137817383, -3083.58447266, 1142.16064453
142, 103, -505.001953125, -3408.48168945, -588.486083984, -3294.36938477, 1174.18273926
142, 104, -1893.78173828, -1643.46142578, -1793.07092285, -1686.01745605, 869.841918945
143, 104, -1802.45141602, -1728.25463867, -1828.93139648, -1687.5411377, 865.926513672
143, 103, -420.434051514, -3575.17114258, -598.274536133, -3174.67651367, 1206.82275391
144, 104, -1757.87524414, -1857.8996582, -1774.46813965, -1775.15625, 878.74407959
144, 103, -404.262695313, -3601.76245117, -248.880355835, -3465.4621582, 1170.83728027
144, 123, 4040.85083008, -30.1931629181, 4155.12255859, 91.0606155396, 368.882659912
145, 104, -1767.01647949, -1900.46936035, -1739.84667969, -1858.08032227, 860.541381836
145, 103, -379.948547363, -3520.68505859, -12.3971815109, -3834.61450195, 1158.12731934
146, 104, -1732.16845703, -1982.36499023, -1680.92736816, -2061.81762695, 886.729980469
146, 103, -211.90965271, -3708.07250977, -11.9122629166, -3859.93066406, 1148.58435059
147, 104, -1690.84326172, -2102.21118164, -1681.5456543, -2142.90258789, 952.84588623
147, 103, 121.177947998, -4215.50097656, 1.43822133541, -3861.43066406, 1268.15991211
148, 104, -1709.42016602, -2101.20776367, -1657.37731934, -2181.64575195, 970.41229248
148, 103, 208.58454895, -4387.55908203, 16.339307785, -3910.43652344, 1222.9128418
149, 104, -1654.68579102, -2372.45385742, -1619.95214844, -2369.46313477, 936.940795898
149, 103, 221.02003479, -4387.26220703, 397.264251709, -4237.80419922, 1182.92602539
150, 104, -1646.01647949, -2409.49365234, -1627.49597168, -2333.99462891, 958.78137207
150, 103, 220.990234375, -4387.28320313, 516.322937012, -4690.15869141, 1194.67663574
151, 104, -1608.50671387, -2516.79907227, -1564.64221191, -2480.88891602, 974.121765137
151, 103, 372.703918457, -4631.79248047, 511.379486084, -4747.60351563, 1218.14929199
152, 104, -1586.20507813, -2623.04248047, -1458.93066406, -2692.55615234, 1032.03979492
152, 103, 541.979248047, -5049.46386719, 525.550964355, -4857.52099609, 1299.38818359
153, 104, -1569.98522949, -2623.77734375, -1421.92724609, -2893.41601563, 1061.32397461
153, 103, 619.539611816, -5275.77099609, 525.21875, -4592.70800781, 1313.01696777
154, 103, 617.896057129, -5291.28662109, 800.9375, -5165.44628906, 1211.32788086
154, 104, -1516.7142334, -2892.6706543, -1437.04199219, -2892.73803711, 1011.49676514
155, 104, -1472.75561523, -3114.22338867, -1431.17333984, -2924.03540039, 1036.82873535
155, 103, 616.604431152, -5306.25537109, 979.061279297, -5527.29248047, 1143.93737793
156, 104, -1449.44348145, -3234.8815918, -1418.84448242, -2989.51391602, 1062.27294922
157, 104, -1455.53759766, -3204.87451172, -1369.54858398, -3174.859375, 1062.27294922
158, 104, -1434.06298828, -3235.51416016, -1316.35852051, -3381.1574707, 1069.85656738
159, 104, -1350.62121582, -3436.86157227, -1280.08117676, -3575.67041016, 1118.58532715
160, 104, -1324.02587891, -3575.57495117, -1285.8861084, -3548.78662109, 1080.46618652
161, 104, -1126.81750488, -3885.88720703, -1251.0769043, -3734.31616211, 1157.33605957
162, 104, -1114.19287109, -3958.97558594, -1227.66137695, -3708.26464844, 1136.83752441
163, 104, -1122.88110352, -3910.01464844, -1120.58435059, -3836.02758789, 1058.7824707
164, 104, -1101.14770508, -4031.73754883, -962.13848877, -4146.79394531, 1042.52478027
165, 104, -1101.39306641, -4030.93359375, -948.657653809, -4237.57128906, 1085.58044434
166, 104, -948.796264648, -4324.32568359, -958.274047852, -4259.47363281, 1078.85144043
167, 104, -798.590698242, -4572.53515625, -924.97088623, -4388.05224609, 1140.22729492
168, 104, -767.678466797, -4612.76318359, -935.234191895, -4324.61132813, 1143.64331055
169, 104, -719.131713867, -4708.4296875, -685.692504883, -4573.29541016, 1086.56091309
170, 104, -721.348266602, -4690.07861328, -500.372009277, -4838.546875, 1089.18859863
171, 104, -703.519775391, -4631.99414063, -470.361114502, -4911.36425781, 1093.60107422
172, 104, -522.42578125, -4980.95263672, -480.081848145, -4928.29736328, 1062.76623535
173, 104, -352.05380249, -5259.69042969, -449.632141113, -5015.05175781, 1163.39477539
174, 104, -268.876281738, -5381.66943359, -374.653289795, -4928.45703125, 1083.07312012
175, 104, -257.490356445, -5396.48583984, -197.96496582, -5259.54589844, 1045.22973633
176, 104, -254.118942261, -5455.58349609, -61.719543457, -5527.28320313, 949.337768555
177, 104, -187.585876465, -5527.15429688, -9.72880268097, -5527.35400391, 913.864318848
179, 126, -2922.61108398, 2566.59228516, -2889.80883789, 2663.6496582, 641.671264648
180, 126, -2901.93652344, 2472.92456055, -2869.81201172, 2566.3046875, 668.889648438
181, 126, -2934.83056641, 2376.90869141, -2854.39355469, 2377.27539063, 690.810913086
182, 126, -2989.33862305, 2378.06323242, -2961.51782227, 2379.62841797, 664.643859863
183, 126, -2993.41455078, 2288.00488281, -2941.42724609, 2288.3762207, 686.118774414
184, 126, -2993.11303711, 2284.29321289, -2992.3828125, 2284.80932617, 685.946533203
185, 126, -2993.3996582, 2283.09033203, -2967.31616211, 2282.95776367, 685.946533203
187, 128, -2950.90307617, 2105.92602539, -2918.57446289, 2191.92871094, 798.905456543
188, 128, -2925.3293457, 2104.7590332, -2873.21020508, 2107.43139648, 829.075866699
189, 128, -2839.76782227, 1847.63415527, -2774.95288086, 2017.07629395, 824.588562012
190, 128, -2769.41821289, 1762.07958984, -2730.31298828, 1932.13391113, 916.99432373
191, 128, -2743.9440918, 1763.22595215, -2730.41918945, 1931.90917969, 816.984191895
192, 128, -2676.71704102, 1681.34631348, -2710.85083008, 1846.01818848, 834.969604492
193, 128, -2657.84472656, 1596.59130859, -2656.65039063, 1598.95202637, 902.85345459
194, 128, -2639.04589844, 1514.73461914, -2614.33764648, 1516.89465332, 876.900756836
194, 129, 4135.33496094, 154.953674316, 4293.87695313, 217.180389404, 497.199768066
195, 128, -2597.08227539, 1434.04284668, -2562.59472656, 1513.53466797, 961.992858887
195, 129, 4042.59814453, -30.5966930389, 4197.48291016, 30.2063446045, 389.988220215
196, 128, -2613.17944336, 1515.86425781, -2588.98535156, 1516.46643066, 848.32800293
196, 129, 4137.11816406, 216.748092651, 4297.91650391, 283.530883789, 364.902038574
197, 128, -2613.04663086, 1511.3861084, -2536.95947266, 1512.46032715, 734.523925781
198, 128, -2464.94482422, 1050.84606934, -2407.00854492, 1124.30932617, 790.963378906
199, 128, -2415.96264648, 1049.54309082, -2345.33544922, 1050.76696777, 790.963378906
200, 128, -2352.66577148, 976.41027832, -2328.11254883, 979.155151367, 813.110595703
201, 128, -2315.12939453, 902.357788086, -2312.85205078, 903.339050293, 797.226745605
201, 132, -2925.59448242, 2103.95703125, -2950.85620117, 2103.4831543, 486.049560547
202, 128, -2315.2565918, 901.771789551, -2312.23364258, 901.167358398, 769.302185059
203, 128, -2271.22949219, 688.850952148, -2283.58959961, 758.987731934, 826.962158203
203, 135, 4017.21289063, -92.0739364624, 4063.6953125, -32.1631774902, 387.77355957
204, 136, -2846.16796875, 1760.91906738, -2261.48901367, 757.331481934, 949.47857666
205, 128, -2228.85913086, 481.788513184, -2206.05834961, 483.778747559, 799.055725098
205, 138, -2870.48486328, 1761.30200195, -2870.6706543, 1759.9095459, 672.539306641
205, 135, 4018.71679688, -89.6622619629, 4174.89697266, 28.9583587646, 389.988220215
206, 136, -2215.12036133, 417.39831543, -2192.46240234, 418.052642822, 982.892883301
206, 138, -2807.75683594, 1596.98291016, -2807.91821289, 1596.9197998, 647.99407959
207, 128, -2228.21850586, 481.539093018, -2206.34179688, 481.0418396, 771.627380371
208, 128, -2166.83154297, 284.098205566, -2165.43310547, 283.928833008, 861.133911133
208, 138, -2789.89770508, 1514.65393066, -2788.45361328, 1513.19934082, 668.266723633
209, 128, -2166.81176758, 281.943908691, -2121.62817383, 283.942321777, 1037.88562012
209, 138, -2717.08569336, 1201.75, -2667.88818359, 1201.70068359, 767.454589844
210, 128, -2116.19506836, 30.8039951324, -2006.87963867, 154.773651123, 896.936584473
210, 138, -2775.73828125, 1353.95288086, -2636.04492188, 1275.93200684, 744.809143066
211, 138, -2716.70874023, 1199.44995117, -2601.79980469, 1124.28320313, 741.012329102
211, 128, -2069.96923828, -89.8523330688, -1927.94299316, -31.4820919037, 889.754211426
211, 140, 4114.07177734, 155.648880005, 4344.57128906, 345.482299805, 318.119720459
212, 138, -2568.9074707, 973.778625488, -2544.87963867, 974.722106934, 782.139953613
212, 128, -1961.62524414, 29.1842021942, -1951.18530273, 92.2458648682, 868.295227051
212, 140, 4064.64135742, 30.4665565491, 4296.67675781, 281.235229492, 496.833862305
213, 138, -2664.0144043, 973.630249023, -2616.24560547, 973.052124023, 763.579467773
213, 128, -1862.16369629, -32.0939407349, -1840.69042969, -31.1295051575, 882.189147949
213, 140, 4041.89746094, -30.8687610626, 4242.74072266, 90.5653305054, 516.760742188
214, 141, -1687.13964844, -31.2206554413, -1740.19641113, 30.0440750122, 879.646179199
214, 138, -2573.15673828, 481.802459717, -2505.39086914, 484.130065918, 821.22253418
214, 140, 4112.47363281, 155.145401001, 4318.61132813, 281.96786499, 496.760864258
215, 138, -2528.6237793, 483.463195801, -2452.08032227, 551.272155762, 843.417724609
215, 141, -1599.67700195, -30.4390983582, -1638.19067383, 219.848236084, 902.613708496
215, 140, 4041.75170898, -30.2136554718, 4174.76904297, 28.1972751617, 519.596130371
216, 138, -2406.99438477, 348.329193115, -2384.9140625, 350.849060059, 812.365722656
216, 142, -1569.05981445, -90.0857086182, -1254.93786621, 28.8883228302, 879.550354004
217, 138, -2444.43774414, 413.061004639, -2421.32446289, 415.158599854, 793.680175781
217, 142, -1233.65551758, 30.3814868927, -1367.47412109, 219.694915771, 903.465698242
217, 143, 4815.85888672, -610.015075684, 4758.36230469, -554.958251953, 1178.03125
218, 138, -2474.32958984, 346.574645996, -2385.03417969, 350.724639893, 843.981567383
218, 142, -1159.96850586, -30.5352096558, -1232.29052734, 29.1398906708, 901.611328125
219, 138, -2301.79345703, -33.2432632446, -2315.31323242, 30.6245498657, 892.40625
219, 144, -934.746704102, 154.862930298, -1075.53308105, 219.115066528, 884.055175781
219, 143, 4862.07666016, -556.707214355, 4747.33789063, -445.113861084, 1091.36376953
220, 138, -2288.39892578, -90.7424850464, -2341.36352539, 153.750793457, 892.854980469
220, 145, -889.924804688, 155.44543457, -890.197143555, 154.274642944, 951.182617188
220, 143, 5007.91259766, -557.800537109, 4699.69189453, -501.164245605, 1188.22558594
221, 138, -2253.27783203, -155.136657715, -2253.31884766, -153.020401001, 933.344421387
221, 145, -905.355834961, 346.617858887, -904.620666504, 347.063659668, 919.073242188
222, 138, -2261.18408203, -214.172943115, -2239.74902344, -212.146774292, 907.074523926
222, 146, -752.268066406, 416.195800781, -755.846862793, 481.902709961, 925.243896484
223, 138, -2283.50830078, -213.923202515, -2273.22949219, -155.931610107, 847.422363281
223, 146, -594.80065918, 900.162963867, -688.996948242, 900.907897949, 909.315429688
224, 138, -2186.46435547, -559.012878418, -2165.3828125, -556.182128906, 888.122802734
224, 146, -665.365478516, 903.497314453, -641.906738281, 903.924377441, 962.800170898
225, 146, -583.708251953, 1199.89929199, -612.567199707, 1276.69348145, 915.182495117
225, 138, -2174.39697266, -611.956176758, -2154.26538086, -612.308837891, 887.153320313
226, 138, -2086.40136719, -826.569702148, -1986.51184082, -826.536987305, 925.847900391
227, 138, -2065.02807617, -928.648071289, -2004.86645508, -928.258911133, 945.298461914
227, 154, -528.102233887, 1594.25109863, -477.550170898, 1593.2253418, 805.660888672
228, 138, -2073.86474609, -979.549316406, -2014.51977539, -979.662841797, 916.835144043
229, 138, -1904.28076172, -1322.16149902, -1915.03112793, -1081.44604492, 943.735412598
230, 138, -1914.39733887, -1180.90405273, -1913.81945801, -1082.95703125, 927.487365723
231, 138, -1847.1829834, -1417.27124023, -1827.77929688, -1417.4407959, 925.149536133
232, 138, -1819.34448242, -1554.37927246, -1799.07800293, -1463.96887207, 988.200744629
233, 138, -1802.98486328, -1728.04968262, -1790.67211914, -1599.39624023, 965.067749023
234, 138, -1723.37573242, -1940.91149902, -1756.1829834, -1773.80810547, 1005.69299316
235, 138, -1731.7824707, -1899.21325684, -1720.62414551, -1857.92272949, 1005.69299316
236, 138, -1681.01623535, -2062.08300781, -1538.50170898, -2258.48144531, 1001.62890625
237, 138, -1664.35852051, -2142.53564453, -1545.33508301, -2220.58105469, 1001.53668213
238, 138, -1595.53173828, -2407.69580078, -1517.95678711, -2369.79223633, 1033.82983398
239, 138, -1457.71057129, -2691.57568359, -1490.80273438, -2516.52929688, 1035.64770508
240, 138, -1457.91882324, -2692.10009766, -1421.20483398, -2623.32470703, 1018.9362793
241, 138, -1441.7623291, -2693.41943359, -1271.56225586, -3020.55371094, 1052.92004395
242, 138, -1399.70324707, -2924.12402344, -1266.57592773, -3052.18212891, 1032.92724609
243, 138, -1241.02124023, -3206.18408203, -1246.11791992, -3173.73779297, 1087.43737793
244, 138, -1069.69946289, -3521.41113281, -1224.59484863, -3204.9621582, 1094.91589355
245, 138, -1083.3112793, -3439.13330078, -1012.53430176, -3410.27172852, 1081.01953125
246, 138, -1078.03723145, -3466.37988281, -881.413513184, -3835.71044922, 1127.66357422
247, 138, -1011.35821533, -3810.33374023, -878.657531738, -3860.72753906, 1122.60498047
248, 138, -844.122558594, -4124.12109375, -852.019042969, -3958.67700195, 1119.8972168
249, 138, -729.699829102, -4302.59863281, -772.376342773, -4054.24853516, 1119.72290039
250, 138, -735.00970459, -4259.18994141, -640.148803711, -4280.66455078, 1093.04064941
250, 155, 4017.07592773, -92.0557785034, 4062.14941406, -90.6824035645, 539.034912109
251, 138, -511.31036377, -4572.25390625, -570.659729004, -4728.15771484, 1161.80895996
252, 138, -609.439697266, -4709.19433594, -570.140441895, -4728.94482422, 1132.55200195
253, 138, -566.86114502, -4997.86816406, -576.751342773, -4783.8203125, 1139.60058594
254, 138, -452.429626465, -5259.34814453, -448.509429932, -5032.25927734, 1187.91125488
255, 138, -451.767028809, -5260.61279297, -351.002990723, -5275.890625, 1125.35351563
256, 138, -372.698974609, -5291.07568359, -250.253616333, -5527.27441406, 1030.87121582
257, 138, -344.942596436, -5527.25830078, -250.629684448, -5527.3046875, 938.844482422
258, 138, -251.256835938, -5527.28320313, -198.408096313, -5527.17919922, 834.488830566
295, 160, 4112.51806641, 154.420974731, 4271.32128906, 218.148010254, 368.882659912
296, 160, 4137.77197266, 216.655563354, 4318.56298828, 281.337860107, 345.535644531
312, 160, 4113.60302734, 155.746948242, 4318.95751953, 282.757568359, 369.155273438
329, 162, 4063.41772461, -31.49269104, 4195.19628906, -30.6737213135, 369.155273438
353, 167, 4019.33520508, -89.4393463135, 4172.67919922, -30.9910068512, 539.034912109
354, 167, 4040.16479492, -32.4139671326, 4128.97265625, -31.254573822, 519.596130371
355, 167, 3998.35766602, -89.4113845825, 4177.16943359, 91.3722610474, 390.27645874
356, 167, 4041.09008789, -31.3181648254, 4271.57666016, 217.799301147, 538.638244629
357, 167, 4040.66796875, -31.2800121307, 4199.09960938, 90.741027832, 538.638244629
368, 170, -2902.09667969, 3818.88769531, -2902.52099609, 3820.0769043, 599.319763184
371, 171, -2783.70117188, 3376.55566406, -2801.59033203, 3481.92553711, 644.399536133
372, 171, -2850.39526367, 3705.81665039, -2848.01293945, 3705.54882813, 530.859802246
373, 177, -2569.54101563, 3163.5534668, -2598.44921875, 3168.3972168, 693.995178223
374, 177, -2521.47753906, 3067.64697266, -2540.15942383, 3166.65966797, 518.865905762
376, 180, -2533.83105469, 3270.72167969, -2570.94824219, 3481.51904297, 521.314758301
377, 180, -2512.79101563, 3162.84350586, -2483.67407227, 3161.38427734, 571.981567383
378, 180, -2491.77172852, 3063.41772461, -2436.0534668, 3060.59936523, 663.629272461
379, 180, -2262.04174805, 2855.98876953, -2261.07373047, 2860.33007813, 749.51940918
379, 183, 4862.88720703, -152.027557373, 4537.08691406, -153.669998169, 1114.97070313
380, 180, -2277.64477539, 2953.32226563, -2275.74169922, 2957.72949219, 750.532043457
380, 183, 5004.66210938, 347.735443115, 4572.75341797, 345.854492188, 1161.08007813
381, 183, 4528.77734375, 348.964752197, 4506.27246094, 350.421905518, 1149.77392578
381, 180, -2234.77734375, 2857.87792969, -2233.39208984, 2859.15332031, 685.670043945
382, 180, -2211.01220703, 2565.6496582, -2141.11425781, 2473.31835938, 815.108520508
383, 180, -2152.00488281, 2379.67211914, -2099.4074707, 2379.44946289, 818.841674805
383, 184, 4345.44628906, -91.2894897461, 4216.0625, -33.3788795471, 1278.06555176
384, 180, -2004.87976074, 2289.06469727, -1952.7220459, 2292.32446289, 834.509521484
385, 180, -1978.27246094, 2288.69970703, -1964.07470703, 2377.98632813, 812.926025391
385, 185, 3863.62036133, -214.857925415, 3819.97680664, -215.397521973, 1364.75634766
386, 185, 3909.89648438, -89.7153701782, 3931.26391602, -32.5058059692, 1309.11730957
387, 180, -1949.99084473, 2286.68945313, -1923.43017578, 2286.79785156, 730.594299316
387, 185, 3887.37915039, -32.1094818115, 3800.15478516, -31.0213928223, 1303.37524414
388, 180, -1910.03149414, 2193.21020508, -1908.26477051, 2191.35058594, 819.738342285
389, 180, -1868.78344727, 2104.85107422, -1790.95690918, 2106.45117188, 764.666015625
390, 180, -1792.23461914, 1933.234375, -1712.66174316, 2107.89453125, 826.784851074
390, 190, 3867.52807617, 218.954360962, 3448.2434082, -31.7675361633, 1281.10656738
391, 180, -1692.08056641, 1763.81799316, -1651.33154297, 1846.4083252, 820.120544434
391, 190, 3667.80859375, -31.9582939148, 3341.84741211, -94.2080230713, 1343.07727051
392, 180, -1655.48986816, 1681.65368652, -1640.18481445, 1760.82214355, 820.120544434
392, 190, 3341.37573242, -93.5055999756, 3300.84082031, -151.174697876, 1351.40490723
393, 180, -1618.28747559, 1596.73999023, -1616.63623047, 1596.1072998, 838.925537109
394, 180, -1531.18237305, 1513.20214844, -1456.71447754, 1516.17553711, 855.260498047
394, 190, 3319.94604492, -95.2915039063, 3301.40454102, -150.999282837, 1428.78881836
395, 180, -1505.73010254, 1511.89013672, -1429.67321777, 1516.80725098, 872.114013672
395, 191, 3453.33813477, -215.360671997, 3280.44897461, -215.032546997, 1418.10656738
396, 180, -1495.6640625, 1431.37988281, -1387.49157715, 1355.41809082, 902.001708984
396, 191, 3471.00390625, -95.5462875366, 3319.11938477, -92.5237350464, 1414.0847168
397, 180, -1403.55664063, 1278.28442383, -1387.64013672, 1356.21130371, 928.616149902
398, 180, -1361.30175781, 1124.72680664, -1368.25878906, 1201.49169922, 922.962463379
398, 194, 3342.62792969, -90.3456344604, 3494.08325195, -91.2866973877, 1457.95202637
399, 180, -1318.65112305, 979.096618652, -1198.47961426, 1200.22277832, 939.658203125
399, 194, 3447.93334961, -32.4076118469, 3623.52416992, -32.4598884583, 1327.02868652
400, 180, -1294.18310547, 974.856872559, -1149.61254883, 977.282897949, 937.945495605
401, 180, -1317.67565918, 973.443725586, -1142.01452637, 902.952209473, 881.013916016
402, 180, -1165.92529297, 898.75390625, -1119.18847656, 898.215942383, 913.751708984
403, 180, -1091.45336914, 618.448913574, -1104.22192383, 757.205688477, 919.738891602
404, 180, -1009.38208008, 483.941986084, -963.072998047, 757.641601563, 922.520324707
404, 203, 3278.43261719, 350.036560059, 3460.10522461, 350.229980469, 1359.34680176
405, 180, -981.178222656, 418.08493042, -916.10925293, 482.497192383, 913.256408691
405, 203, 3253.92553711, 345.943939209, 3504.15673828, 416.521362305, 1359.18151855
406, 180, -1043.08972168, 351.368011475, -899.490905762, 283.538360596, 997.72833252
407, 180, -917.949707031, 219.601608276, -894.304443359, 219.577178955, 1013.09564209
408, 180, -874.935119629, -32.1448097229, -852.946350098, -32.6357841492, 959.825073242
409, 180, -869.485717773, -91.1036682129, -742.672302246, -32.0593223572, 959.567138672
410, 180, -825.870178223, -95.4059829712, -647.405212402, -154.456176758, 943.841491699
411, 180, -811.299926758, -273.228363037, -650.848876953, -445.44909668, 1005.39630127
412, 180, -664.438659668, -555.639770508, -643.911804199, -554.086425781, 1013.88635254
413, 180, -635.613098145, -665.360656738, -622.615905762, -557.172241211, 1034.54980469
414, 180, -615.203857422, -668.357727051, -494.152374268, -614.222045898, 1066.92797852
415, 180, -562.501708984, -877.541442871, -337.458496094, -977.877441406, 1016.88024902
416, 180, -496.477752686, -979.545837402, -336.99407959, -982.177612305, 991.910827637
417, 180, -333.403991699, -1082.36938477, -335.060150146, -1032.69787598, 1043.95483398
418, 180, -265.549560547, -1369.01000977, -312.439208984, -1081.75195313, 1028.07800293
419, 180, -244.771057129, -1416.29345703, -112.244377136, -1373.03491211, 1022.77355957
420, 180, -226.18522644, -1417.74145508, 1.96290302277, -1687.05895996, 1046.32910156
421, 180, -108.601028442, -1687.10620117, 2.72320699692, -1686.10681152, 1048.63598633
422, 180, 3.76356887817, -1857.58764648, 2.91507983208, -1729.99780273, 1102.98095703
423, 180, 107.922996521, -2101.67260742, 57.9669914246, -1774.76928711, 1114.28027344
424, 180, 108.438903809, -2104.54638672, 299.290008545, -2181.3125, 1100.4666748
425, 180, 108.501022339, -2104.23144531, 342.456329346, -2406.69580078, 1127.85375977
426, 180, 273.060058594, -2446.01928711, 375.916931152, -2406.76123047, 1145.3692627
427, 180, 378.598419189, -2726.98388672, 392.466369629, -2409.41308594, 1143.09387207
428, 180, 388.653747559, -2860.42578125, 438.453186035, -2517.26904297, 1153.31872559
429, 180, 402.247589111, -2893.37963867, 631.268249512, -3020.59887695, 1139.20678711
430, 180, 385.08605957, -2925.28637695, 618.771911621, -3176.64501953, 1175.54101563
431, 180, 586.17401123, -3381.31542969, 629.139221191, -3234.72753906, 1190.48925781
432, 180, 667.229309082, -3630.38525391, 648.91595459, -3351.85693359, 1216.36682129
433, 180, 678.901550293, -3655.18676758, 744.764709473, -3294.8215332, 1187.41503906
434, 180, 676.494567871, -3682.60620117, 901.049377441, -3934.99902344, 1151.69580078
435, 180, 671.35736084, -3734.2175293, 881.879455566, -4077.31494141, 1192.71740723
436, 180, 922.595825195, -4259.20019531, 951.735229492, -4055.44140625, 1181.81335449
437, 180, 1014.43664551, -4572.29833984, 968.672424316, -4031.10205078, 1225.63708496
438, 180, 1026.63696289, -4572.9296875, 1167.25610352, -4215.12353516, 1215.49621582
439, 180, 1038.9119873, -4573.18408203, 1335.42541504, -4857.52246094, 1214.74645996
440, 180, 1101.640625, -4572.59912109, 1306.70361328, -4980.17675781, 1221.23242188
441, 180, 1396.44921875, -5259.98828125, 1319.00061035, -4928.92236328, 1298.26403809
442, 180, 1464.41247559, -5411.99560547, 1416.59069824, -4911.31982422, 1297.12243652
443, 180, 1456.11328125, -5441.29052734, 1603.38745117, -5197.03369141, 1248.80773926
444, 180, 1478.68725586, -5396.94775391, 1841.46691895, -5527.33349609, 1065.1751709
