0, 0, -965.698608398, -4029.92431641, -853.298400879, -4259.47705078, 1422.51989746
0, 1, -425.515930176, -4366.72460938, -324.582244873, -4030.24438477, 1353.70581055
0, 2, -32.876411438, 7033.75878906, -331.44720459, 7384.92675781, 1619.94104004
1, 2, -111.597724915, 8123.28076172, -336.682250977, 7751.11767578, 1626.10180664
1, 0, -962.454223633, -4857.72607422, -851.221374512, -4366.44189453, 1490.15588379
1, 1, -422.856811523, -4389.1875, -364.662963867, -4893.01855469, 1446.14819336
2, 2, -263.306060791, 7935.50244141, -348.27545166, 8313.75292969, 1740.57897949
2, 1, -365.231903076, -4892.95800781, -361.050262451, -5132.45703125, 1413.95825195
2, 0, -916.532958984, -5066.07275391, -902.879577637, -4367.31835938, 1491.12878418
3, 2, -356.508850098, 8716.61328125, -315.738830566, 8718.2265625, 1637.56774902
3, 0, -905.056884766, -5131.93017578, -786.23815918, -5396.71972656, 1503.9420166
3, 1, -451.295227051, -5275.52539063, -359.974060059, -5149.44189453, 1272.59777832
4, 2, -361.74810791, 8925.76269531, -317.11126709, 8928.01660156, 1615.66064453
4, 1, -440.112121582, -5526.94042969, -369.656188965, -5165.34130859, 1134.82470703
4, 0, -925.473632813, -5212.90625, -870.887145996, -5527.19873047, 1262.91625977
5, 0, -1073.01940918, -5197.09716797, -923.083618164, -5527.26611328, 1013.46270752
5, 2, -317.45324707, 8925.81835938, -405.651702881, 9138.61816406, 1653.88232422
6, 2, -287.650939941, 9583.16601563, -370.187194824, 9582.21777344, 1583.98535156
7, 2, -293.257965088, 10039.8027344, -380.696655273, 10038.4150391, 1666.3347168
8, 2, -338.15435791, 10040.9482422, -386.040740967, 10269.7255859, 1600.88293457
9, 2, -351.143585205, 10768.4091797, -395.887481689, 10774.5175781, 1479.32055664
10, 2, -392.20022583, 10764.5195313, -395.344451904, 10767.7441406, 1606.49475098
11, 2, -355.818572998, 11022.9257813, -398.30682373, 11027.9277344, 1491.39379883
12, 2, -373.726928711, 12097.2890625, -416.950897217, 12096.1591797, 1508.70947266
13, 4, -427.148681641, 12680.7958984, -427.569244385, 12672.8066406, 1332.78955078
14, 2, -427.369110107, 12676.8359375, -429.326599121, 12670.6210938, 1377.87475586
15, 5, -433.455657959, 12974.3349609, -437.684265137, 12973.0908203, 1532.8659668
16, 5, -431.136779785, 12993.1621094, -433.428649902, 12983.5439453, 1532.52233887
17, 5, -393.206726074, 13306.1357422, -436.808013916, 13298.1826172, 1504.59216309
18, 6, -396.548828125, 13612.8535156, -442.776397705, 13613.2314453, 1603.28894043
19, 7, -460.61807251, 14623.03125, -461.286804199, 14613.8984375, 1518.23815918
21, 6, -427.871185303, 15336.6240234, -473.971221924, 15339.9375, 1433.09692383
22, 7, -427.017303467, 15343.6064453, -474.388916016, 15342.4628906, 1433.09692383
23, 7, -480.950866699, 15731.8447266, -481.097625732, 15730.0771484, 1382.08679199
24, 7, -484.95199585, 15709.8740234, -481.755462646, 15704.8017578, 1388.7331543
25, 7, -486.106719971, 15723.8115234, -483.610198975, 15716.3925781, 1382.14489746
26, 13, 1072.37597656, -2409.17333984, 890.505859375, -2372.40917969, 1410.86010742
26, 14, -62.2511825562, 23005.5742188, -59.3423843384, 22407.8320313, 1315.28222656
27, 13, 1095.10913086, -1369.92150879, 1081.47766113, -1323.96911621, 1412.61157227
27, 15, -57.860408783, 23030.2753906, -56.1237068176, 23019.6035156, 1318.17248535
28, 13, 1127.75524902, -930.295715332, 1092.4786377, -878.105041504, 1419.36987305
28, 16, -60.6360816956, 23043.6777344, -59.3410644531, 23025.8203125, 1354.94641113
29, 13, 1119.87243652, -825.801269531, 1104.06762695, -774.41607666, 1427.01196289
30, 13, 1282.62963867, -330.797058105, 1161.42773438, -273.415893555, 1391.10021973
30, 19, -64.4753723145, 23696.7929688, -63.3192138672, 24297.0117188, 1953.07653809
31, 13, 1217.68762207, -152.396255493, 1303.8326416, -156.606369019, 1466.83618164
32, 13, 1376.41772461, -94.096321106, 1290.63183594, -93.8770751953, 1409.12646484
33, 13, 1443.53051758, 414.094726563, 1299.7947998, 351.582000732, 1387.89599609
34, 13, 1537.11560059, 758.496276855, 1314.83825684, 482.877166748, 1441.18798828
34, 27, -66.0831069946, 23659, -63.2934379578, 23647.5546875, 2103.2097168
35, 13, 1614.93017578, 977.248962402, 1412.92932129, 904.27532959, 1379.65515137
36, 13, 1587.35473633, 1123.89611816, 1606.9942627, 1278.76574707, 1361.71228027
37, 13, 1708.49450684, 1124.08825684, 1707.43969727, 1125.80212402, 1381.73168945
38, 13, 1877.85534668, 1594.73583984, 1878.98364258, 1600.34423828, 1403.74621582
39, 13, 2044.01428223, 1679.21398926, 1879.35388184, 1600.36022949, 1426.74951172
40, 13, 2071.55004883, 1846.09667969, 1956.45776367, 1932.06335449, 1413.17578125
41, 13, 2145.29785156, 2288.52514648, 2159.38452148, 2377.19213867, 1344.7578125
106, 34, 1080.61755371, 23690.3066406, 1083.85473633, 23694.3476563, 1234.22485352
122, 41, -1609.24938965, 3269.20263672, -1546.65026855, 3482.70288086, 1820.36743164
133, 41, -1583.68005371, 3815.55151367, -1511.85546875, 3704.39428711, 1547.96374512
148, 41, -1596.5501709, 3164.92114258, -1517.27062988, 3482.51074219, 1924.7911377
150, 43, -629.933349609, 23637.9921875, -629.586547852, 23659.8945313, 1207.65112305
159, 7, -609.094482422, 19179.2734375, -550.927246094, 19185.9101563, 2032.15515137
162, 7, -783.854675293, 18691.9824219, -662.516052246, 18699.1015625, 1880.35375977
172, 45, -1944.81152344, 18683.1542969, -1939.69274902, 18685.6015625, 1131.61669922
180, 47, -1687.39453125, 3937.06787109, -1505.32141113, 3931.1003418, 2406.9987793
181, 49, -2494.3972168, 12989.7998047, -2443.65429688, 12979.5449219, 1460.50048828
250, 60, -53.0151023865, 19155.9355469, -51.5213775635, 19159.1933594, 1167.29150391
251, 64, 3391.72485352, -3174.98217773, 3421.33276367, -3144.38012695, 1566.63427734
251, 65, -116.993591309, 19164.359375, -113.019546509, 19171.2929688, 1175.33911133
252, 64, 3630.56079102, -2793.79370117, 3491.31079102, -2957.88452148, 1561.48474121
253, 64, 3707.47827148, -2334.1550293, 3607.98730469, -2481.26782227, 1458.18054199
253, 67, -476.25479126, 18689.9960938, -417.039978027, 18676.4882813, 1157.57775879
254, 64, 3639.578125, -2333.5222168, 3440.49853516, -2061.73364258, 1505.82543945
254, 67, -471.518005371, 18210.0898438, -465.847412109, 18201.5332031, 1290.15563965
255, 64, 3688.3503418, -2063.79736328, 3572.3112793, -1598.94555664, 1455.0559082
255, 67, -449.660491943, 16906.6992188, -386.688598633, 16507.421875, 1367.90136719
256, 67, -466.108917236, 17767.6503906, -454.069763184, 17338.7675781, 1326.12145996
257, 67, -445.782501221, 16505.4511719, -441.000549316, 16493.0605469, 1348.52844238
258, 68, 3637.84399414, -980.147460938, 3594.30102539, -826.653076172, 1381.5892334
258, 67, -439.67791748, 16117.6640625, -433.276397705, 16111.6230469, 1341.7623291
259, 67, -439.455383301, 16093.8261719, -428.817565918, 15735.3789063, 1348.56884766
259, 68, 3573.29125977, -827.213562012, 3533.13525391, -826.62890625, 1538.7956543
260, 69, -431.187438965, 15723.2148438, -425.431884766, 15717.7363281, 1329.68457031
261, 69, -423.773803711, 15353.6132813, -367.82800293, 15351.4765625, 1414.60498047
262, 70, -433.109069824, 15706.2460938, -427.92199707, 15699.1279297, 1329.73498535
263, 70, -426.661193848, 15322.2880859, -419.316986084, 15316.8779297, 1483.2052002
266, 70, -389.52520752, 13297.3876953, -291.624542236, 13294.3359375, 1551.84716797
267, 70, -404.310333252, 13937.0390625, -388.916778564, 13304.9335938, 1268.35327148
268, 70, -386.286834717, 12988.1513672, -336.999847412, 12980.8857422, 1532.45739746
269, 70, -384.426544189, 12972.9355469, -286.343017578, 12971.2744141, 1559.62280273
270, 70, -385.542694092, 12982.6464844, -380.824279785, 12976.1552734, 1236.53149414
270, 76, -2488.63793945, 14974.4355469, -2491.18725586, 14967.6699219, 1370.17651367
271, 70, -379.974121094, 12665.4648438, -330.5128479, 12666.0068359, 1377.81628418
271, 79, -2232.75244141, 15726.8603516, -2185.56323242, 15722.7919922, 1219.10644531
271, 80, 1904.45349121, 2287.8996582, 1903.46875, 2284.39086914, 1372.36254883
271, 81, 1657.92163086, -878.350158691, 1601.49291992, -980.979431152, 2107.04833984
272, 70, -424.564453125, 12674.8789063, -380.680114746, 12670.7490234, 1303.53051758
272, 80, 2410.10498047, 2565.61889648, 1770.0402832, 2285.85180664, 1502.72363281
273, 70, -403.327606201, 11286.4335938, -316.369750977, 11543.5771484, 1491.39379883
273, 80, 2016.72216797, 2858.78857422, 1771.57922363, 2292.06567383, 1503.47436523
273, 85, -1880.42114258, 15358.9570313, -1853.35888672, 15697.0126953, 1425.12731934
274, 70, -402.481628418, 11278.8525391, -354.008514404, 11277.5625, 1539.26989746
274, 80, 1298.82897949, 2954.87768555, 1756.07568359, 2379.09204102, 1494.54650879
275, 70, -397.724914551, 11020.1728516, -352.122955322, 11014.4716797, 1474.47216797
275, 80, 1106.24560547, 2660.44726563, 1736.2824707, 2855.30102539, 1548.79528809
275, 91, -1745.87805176, 15739.671875, -1770.36914063, 16096.1630859, 1298.3626709
276, 70, -395.343292236, 10769.5595703, -349.176300049, 10760.5556641, 1479.66625977
276, 80, 1101.33178711, 2960.13647461, 1102.28637695, 2953.30859375, 1611.8717041
276, 92, -1489.71679688, 16104.2978516, -1524.8762207, 15735.5976563, 1385.11950684
277, 70, -432.805389404, 10519.6855469, -343.751312256, 10510.0498047, 1581.68261719
277, 80, 1129.45715332, 2953.39453125, 595.03338623, 2955.04516602, 1512.93566895
278, 70, -431.797271729, 10504.6816406, -342.666595459, 10275.6367188, 1561.18249512
278, 80, 427.293914795, 2952.92358398, 990.46661377, 2963.35571289, 1471.39599609
279, 70, -419.86517334, 9808.64355469, -379.02947998, 10034.6015625, 1584.09655762
279, 80, 430.684387207, 3059.43676758, 424.314544678, 2860.07055664, 1552.72045898
280, 70, -404.860778809, 9149.91015625, -326.190368652, 9356.40332031, 1645.40625
280, 80, -51.9242172241, 2960.02441406, 423.440765381, 2857.28198242, 1527.41174316
281, 70, -485.84375, 9146.37109375, -322.849273682, 9146.8203125, 1584.09655762
281, 80, -245.165130615, 2760.54101563, 232.673843384, 3058.93945313, 1462.04370117
282, 70, -461.077728271, 9805.6796875, -319.375213623, 8933.97265625, 1606.41552734
282, 80, -137.241638184, 2961.77099609, -163.37852478, 2858.6796875, 1487.4901123
283, 70, -379.698272705, 10037.5986328, -325.233459473, 9359.95410156, 1497.40466309
283, 80, -250.403442383, 2953.81103516, -354.370574951, 2663.67285156, 1503.35424805
284, 70, -360.905456543, 8920.89746094, -316.886108398, 8722.58300781, 1637.02746582
284, 80, -248.582244873, 2859.65917969, -664.720825195, 2289.69799805, 1523.2668457
285, 70, -334.670623779, 7564.92382813, -299.701568604, 7743.09472656, 1650.00830078
285, 80, -477.908050537, 3057.17504883, -664.574279785, 2288.62939453, 1538.31591797
286, 70, -367.886016846, 7378.578125, -255.098754883, 7385.06201172, 1596.24304199
286, 80, -858.586364746, 2380.64306641, -666.776367188, 2285.8215332, 1540.46984863
287, 70, -331.023620605, 7384.27539063, -218.990249634, 7387.31884766, 1596.24304199
287, 80, -1040.57287598, 2288.58105469, -665.355834961, 2284.34790039, 1529.73327637
288, 70, -292.064727783, 7202.18896484, -253.495956421, 7205.36572266, 1639.11120605
288, 80, -1058.34606934, 2199.08496094, -666.20111084, 2287.6809082, 1546.70605469
289, 70, -323.126312256, 7030.90722656, -141.651290894, 7036.43261719, 1657.69348145
289, 80, -907.546264648, 2291.47460938, -906.179138184, 2285.90429688, 1561.79736328
290, 70, -280.221130371, 6536.92871094, -31.8234596252, 6376.00341797, 1646.37133789
290, 80, -1059.7956543, 2196.71801758, -1032.06420898, 2192.05908203, 1606.79431152
291, 70, -275.441497803, 6372.92382813, -31.0794563293, 6217.23388672, 1628.43591309
291, 80, -1058.63684082, 2196.03076172, -1228.26147461, 2018.20288086, 1593.59936523
292, 70, -202.405639648, 6062.38574219, -31.7776641846, 6072.61328125, 1632.19934082
292, 80, -1059.78112793, 2199.21020508, -1227.18701172, 2018.0637207, 1594.5
293, 70, -131.684997559, 5909.00097656, -63.6516075134, 6062.93408203, 1587.93579102
293, 80, -1085.78381348, 2198.89306641, -1219.60766602, 1931.00671387, 1608.88269043
294, 70, -26.0979499817, 4288.66992188, 35.7576446533, 4415.76757813, 1565.21655273
294, 112, -960.245300293, 2290.52685547, -1121.22387695, 2284.33447266, 1610.02978516
294, 113, -594.04486084, 21802.5800781, -572.046142578, 20692.0234375, 1940.88305664
295, 112, -1027.7265625, 2471.30297852, -1099.15563965, 2663.56054688, 1617.42102051
295, 70, -26.1267471313, 3822.86889648, 94.6789855957, 3822.61816406, 1600.67468262
296, 112, -1027.46618652, 2471.0715332, -1028.32409668, 2473.15600586, 1620.23278809
296, 70, 3.35466790199, 3706.4934082, 92.7502441406, 3594.6328125, 1607.90820313
297, 70, -25.3328838348, 3704.54711914, 61.276309967, 3064.54907227, 1582.32385254
297, 112, -1017.68395996, 3060.79077148, -1131.41296387, 3065.94165039, 1608.84790039
298, 70, -80.6781387329, 2955.21142578, 60.8103027344, 3059.77368164, 1661.81945801
298, 112, -941.353149414, 3165.43334961, -1102.01037598, 3065.42626953, 1617.08288574
299, 70, -103.937828064, 2378.46630859, 89.6609344482, 3062.72973633, 1651.02734375
299, 112, -961.088989258, 3482.12280273, -1111.6697998, 3165.93579102, 1600.44042969
300, 112, -953.703063965, 3816.859375, -1044.02124023, 3818.18481445, 1594.82775879
300, 70, -157.706237793, 2377.63476563, 3.88191866875, 2378.32128906, 1570.57385254
301, 112, -931.347839355, 3936.0925293, -994.336425781, 3939.95068359, 1602.8248291
301, 70, -128.585571289, 2198.41894531, 3.28777837753, 2017.56494141, 1625.41162109
302, 112, -841.198852539, 3939.65869141, -969.172180176, 4051.38867188, 1633.86022949
302, 70, -180.589385986, 2108.36254883, -20.8024425507, 1593.39953613, 1652.64172363
303, 112, -868.932006836, 4413.85986328, -1051.01757813, 4792.73779297, 1643.05444336
303, 70, -197.829055786, 1511.0111084, 2.41876411438, 1594.48156738, 1670.546875
304, 112, -796.151245117, 4793.70507813, -1018.64361572, 4794.66455078, 1661.75366211
304, 70, -188.811950684, 974.945068359, -21.0207233429, 1593.77026367, 1631.67663574
305, 70, -188.573379517, 904.387512207, -21.6789836884, 973.995605469, 1609.75769043
305, 112, -802.479858398, 4923.46191406, -1027.61120605, 4923.42333984, 1639.12731934
306, 112, -817.162475586, 5197.67773438, -1071.43640137, 5615.40380859, 1552.21948242
306, 70, -187.57460022, 830.766906738, -19.7088871002, 413.196044922, 1676.17980957
307, 70, -184.199111938, 757.121704102, -20.0123825073, 154.016357422, 1592.18469238
307, 112, -846.004150391, 5766.43847656, -1057.37023926, 5907.08398438, 1542.05847168
308, 112, -854.057312012, 5905.25048828, -1057.87121582, 5912.02246094, 1505.48217773
308, 70, -194.431091309, -93.4232025146, -41.4855728149, 29.1870632172, 1633.2097168
309, 70, -205.293518066, -559.142944336, -41.5361976624, 28.6081771851, 1647.54663086
309, 112, -895.952819824, 6064.26953125, -1068.19885254, 6064.74804688, 1514.72558594
310, 70, -184.857879639, -610.956665039, -60.0919342041, -555.42980957, 1629.60241699
310, 112, -911.820495605, 6375.28417969, -1053.62963867, 6373.03173828, 1507.25537109
311, 70, -204.06048584, -613.151672363, -17.0384407043, -1081.70959473, 1670.12036133
311, 112, -964.856567383, 6696.87158203, -1097.38818359, 6535.3125, 1504.55554199
312, 112, -957.379516602, 7199.63916016, -1141.10778809, 7204.12890625, 1589.5814209
312, 70, -178.690231323, -930.235473633, -17.0818901062, -1372.65368652, 1603.4432373
313, 70, -164.222702026, -1686.69152832, -16.8776817322, -1372.82702637, 1629.42321777
313, 112, -948.913085938, 7036.17871094, -1142.37243652, 7205.79785156, 1609.16601563
313, 115, -620.623291016, 23044.3691406, -627.872009277, 23619.9609375, 1198.42858887
314, 70, -139.95753479, -2064.17138672, -35.2140388489, -1369.56164551, 1641.76171875
314, 112, -966.925292969, 7378.453125, -1114.86865234, 7378.85644531, 1525.69189453
315, 112, -1099.94250488, 7744.95947266, -1127.54260254, 7569.06005859, 1514.85534668
315, 70, -139.076461792, -2101.2409668, -15.1011047363, -2060.67089844, 1622.00268555
316, 112, -1250.14367676, 8316.84765625, -1254.52856445, 8320.52148438, 1457.92919922
316, 70, -155.39793396, -2102.42041016, 68.1349258423, -2656.24926758, 1635.3918457
317, 70, -134.183044434, -2332.77246094, 35.0641288757, -2761.17163086, 1556.6973877
317, 112, -1291.97094727, 8924.14160156, -1333.19641113, 8923.04199219, 1346.31115723
318, 70, -105.152076721, -3174.4362793, 34.6177635193, -2794.55224609, 1632.20849609
318, 112, -1293.79638672, 8928.47753906, -1335.49462891, 8928.58007813, 1390.36364746
319, 70, -42.5510025024, -3438.73608398, 19.0309677124, -2859.99584961, 1631.88037109
319, 112, -1375.22717285, 8924.65625, -1293.3482666, 8923.69238281, 1414.53076172
320, 70, -42.233669281, -3493.87695313, 105.364227295, -3439.13549805, 1539.15734863
320, 112, -1408.18725586, 10036.5849609, -1412.0892334, 10032.6425781, 1296.64794922
321, 70, -27.819726944, -3466.69799805, 137.475479126, -4077.80273438, 1626.82629395
322, 70, -12.6686162949, -3835.38574219, 134.488204956, -4213.83300781, 1565.79907227
323, 70, -11.032957077, -4612.27441406, 121.148612976, -4214.30175781, 1648.16760254
324, 70, -10.4267492294, -4874.51123047, 148.22203064, -4192.56494141, 1594.48474121
325, 70, -9.79752159119, -4876.07177734, 167.150863647, -4892.828125, 1514.26513672
326, 70, -9.76084423065, -4875.61621094, 159.593093872, -5527.03076172, 1573.90393066
327, 70, -9.08427333832, -5275.64892578, 159.482131958, -5527.13085938, 1390.76733398
327, 117, -1770.8659668, 7206.01708984, -1571.5234375, 7035.11425781, 1922.41845703
345, 121, -614.585632324, 23000.1386719, -553.514831543, 22996.9277344, 1345.9041748
397, 127, -581.954650879, 21238.8691406, -515.516479492, 20705.1503906, 1424.95214844
400, 130, 1536.8560791, 21249.0527344, 1620.85852051, 21806.8027344, 1076.89941406
401, 130, 1510.63415527, 20693, 1566.3293457, 20702.0644531, 1025.2121582
403, 137, -61.2934265137, 22389.9414063, -58.2718162537, 22383.59375, 1337.15148926
408, 149, 1282.59326172, 16116.6162109, 1303.15783691, 16496.9863281, 1339.22717285
409, 149, 1286.33874512, 16112.1845703, 1285.80639648, 16108.2773438, 1349.60400391
411, 149, 1298.94787598, 16491.9296875, 1284.03601074, 16115.8310547, 1349.72717285
411, 152, -55.136592865, 22990.2402344, -53.3103294373, 22983.1386719, 939.418518066
413, 149, 1156.29956055, 15711.2529297, 1155.26464844, 15704.3369141, 1330.74621582
414, 149, 1087.84765625, 15354.8417969, 1193.54675293, 15356.3505859, 1415.36108398
417, 149, 1122.45373535, 14967.8496094, 1175.21704102, 14972.71875, 1494.00183105
419, 149, 1054.62365723, 14612.3789063, 1158.76367188, 14616.2841797, 1518.88305664
422, 149, 1037.78564453, 12997.7548828, 1087.08410645, 12992.7421875, 1383.74938965
423, 149, 986.536560059, 12972.0869141, 927.936828613, 12694.0576172, 1320.44482422
424, 149, 1069.01574707, 12679.8427734, 973.625061035, 12675.4394531, 1349.68347168
425, 149, 1022.65386963, 12672.1210938, 831.380737305, 12661.1357422, 1473.8145752
427, 149, 736.751403809, 11274.0400391, 771.211669922, 11029.0927734, 1496.84216309
428, 149, 719.796447754, 10779.0859375, 719.35345459, 10779.7333984, 1699.66394043
429, 149, 672.398925781, 10756.3857422, 795.998657227, 10526.578125, 1657.8729248
430, 149, 663.802490234, 10512.2158203, 710.565063477, 10509.0810547, 1558.07067871
431, 149, 658.602355957, 10266.5253906, 700.252563477, 10267.8701172, 1626.36340332
432, 149, 660.932128906, 9148.6640625, 622.428527832, 9148.17285156, 1644.8001709
433, 149, 620.695007324, 9146.33105469, 667.525878906, 9353.81835938, 1666.16174316
434, 149, 619.097106934, 9137.17675781, 621.870117188, 9141.86035156, 1666.23449707
435, 149, 614.187133789, 8922.53515625, 567.104980469, 8728.74804688, 1673.98950195
436, 149, 605.512878418, 8719.52929688, 607.868774414, 8722.2265625, 1718.37670898
437, 149, 599.736877441, 8511.10351563, 640.027770996, 8517.53125, 1720.9107666
438, 149, 578.725341797, 7750.33691406, 576.173522949, 7745.71289063, 1704.17504883
439, 149, 506.674041748, 7934.54882813, 584.604675293, 7930.04003906, 1625.46655273
440, 149, 343.464660645, 7388.99951172, 566.450927734, 7387.68554688, 1571.3314209
