0, 0, 8658.39941406, 29781.2050781, 8492.11523438, 29780.6289063, 4338.48974609
1, 0, 8196.96875, 28004.8554688, 8277.19628906, 28016.484375, 4287.47705078
7, 3, 1262.76635742, -5527.25244141, 1063.24829102, -5527.27929688, 1237.10571289
8, 3, 984.858276367, -5148.38085938, 1052.94116211, -5527.25927734, 1321.57336426
9, 3, 884.806030273, -5065.88183594, 1011.27520752, -5526.99414063, 1399.02844238
10, 3, 893.686035156, -5082.63232422, 740.465026855, -5032.81445313, 1343.63195801
11, 3, 842.01373291, -5049.0546875, 585.823730469, -4728.79882813, 1353.04187012
12, 3, 845.335388184, -4946.04150391, 566.973632813, -4670.58886719, 1371.94677734
13, 3, 703.030700684, -4451.03222656, 566.973144531, -4670.42236328, 1328.04260254
14, 3, 556.050170898, -4388.35058594, 548.302307129, -4612.45410156, 1341.58203125
15, 3, 454.082366943, -4192.07275391, 462.124053955, -4258.85888672, 1329.74255371
16, 3, 443.411376953, -4146.79833984, 314.164245605, -4053.66601563, 1284.17907715
17, 3, 432.933990479, -4100.796875, 170.473068237, -3836.77832031, 1297.79101563
18, 3, 356.779785156, -3760.15991211, 115.425567627, -3760.36791992, 1239.63000488
19, 3, 222.714187622, -3520.56933594, 115.538902283, -3734.3215332, 1262.08874512
20, 3, 104.37097168, -3520.90283203, 102.910186768, -3682.61206055, 1277.68103027
21, 3, 17.6430912018, -3323.54736328, 1.97576975822, -3264.99926758, 1272.3392334
22, 3, 1.99115514755, -3235.40673828, -121.685829163, -3174.14428711, 1207.29174805
23, 3, 1.56037735939, -3204.8737793, -237.849624634, -2893.29248047, 1248.67907715
24, 3, -29.902765274, -2892.11791992, -222.771957397, -2860.46655273, 1188.61755371
24, 7, 7956.06005859, 27229.5292969, 8109.27148438, 27224.1269531, 4261.79101563
25, 3, -130.802322388, -2623.55151367, -241.579055786, -2760.95117188, 1240.29980469
25, 7, 7791.6328125, 26452.7441406, 8106.42382813, 27218.5117188, 4269.28125
26, 3, -168.10836792, -2371.39013672, -257.47845459, -2760.90673828, 1256.46350098
26, 7, 7951.43457031, 27215.578125, 8107.42724609, 27223.8144531, 4269.28125
27, 3, -167.95954895, -2372.43310547, -285.618347168, -2445.90991211, 1182.52026367
28, 8, -660.54309082, -609.764465332, -835.539672852, -501.576416016, 1038.71313477
29, 8, -734.594421387, -444.903839111, -814.800842285, -498.927368164, 1046.85070801
30, 8, -797.805541992, -444.360473633, -840.075622559, -443.344024658, 1046.85070801
31, 8, -869.832336426, -94.2520217896, -887.703796387, -151.589065552, 1041.73132324
32, 8, -870.171203613, -94.2443313599, -957.211486816, -94.1298294067, 1027.3137207
33, 8, -868.800048828, -93.0014266968, -984.267211914, -31.4107284546, 1048.21057129
34, 8, -919.056030273, 218.879577637, -1046.27709961, 155.746948242, 1016.0291748
35, 8, -969.165222168, 284.155181885, -1080.80041504, 283.67477417, 990.824829102
36, 8, -1087.47167969, 349.022399902, -1089.23413086, 348.871459961, 950.438354492
37, 8, -1123.74450684, 482.939331055, -1125.23474121, 481.585723877, 961.550537109
38, 8, -1124.15466309, 483.46395874, -1216.58935547, 482.953369141, 1038.33569336
39, 8, -1146.15026855, 687.754455566, -1277.7322998, 619.760559082, 953.301940918
40, 8, -1168.12390137, 899.689453125, -1293.49328613, 758.537902832, 964.773925781
41, 8, -1310.73339844, 902.856750488, -1334.23547363, 902.666687012, 999.934204102
42, 8, -1334.2869873, 900.760620117, -1334.72961426, 900.491088867, 999.934204102
43, 8, -1343.73986816, 975.370666504, -1366.86181641, 975.078186035, 967.049438477
44, 8, -1374.93725586, 1049.97338867, -1399.84643555, 1050.41821289, 946.257019043
45, 8, -1393.64379883, 1201.12683105, -1394.7421875, 1200.45178223, 951.716064453
46, 8, -1412.9095459, 1357.00219727, -1427.86682129, 1278.94433594, 959.107727051
47, 8, -1480.61401367, 1514.89257813, -1481.40234375, 1513.61364746, 902.737304688
48, 8, -1530.52819824, 1511.04077148, -1545.80175781, 1435.5065918, 918.497497559
49, 8, -1638.79956055, 1760.1541748, -1628.85314941, 1680.67907715, 818.470703125
50, 8, -1629.13671875, 1681.40649414, -1629.53222656, 1679.63098145, 843.773132324
51, 10, -1629.61425781, 1678.1060791, -1653.33752441, 1678.30456543, 819.800415039
52, 10, -1651.70129395, 1847.24182129, -1665.76843262, 1761.7845459, 845.752868652
53, 10, -1675.18151855, 2020.12390137, -1688.9029541, 1933.0378418, 856.813293457
54, 10, -1700.47119141, 2019.88415527, -1714.27124023, 1930.76818848, 905.06036377
55, 10, -1737.63574219, 2105.63696289, -1778.27270508, 2018.58374023, 935.913024902
56, 10, -1857.1887207, 2196.05029297, -1910.65380859, 2194.46606445, 882.608581543
57, 13, -1922.08154297, 2287.51391602, -1922.11987305, 2284.59179688, 810.551513672
58, 10, -1923.5300293, 2285.30102539, -1924.171875, 2283.12182617, 863.4296875
59, 10, -1949.31591797, 2290.51611328, -1949.18701172, 2289.76000977, 808.617431641
62, 10, -1979.77770996, 2473.91455078, -2006.67089844, 2472.74951172, 896.596435547
62, 20, -3195.26416016, 3927.15014648, -3167.47705078, 3929.25708008, 552.751647949
63, 10, -2006.2322998, 2473.35961914, -2005.79199219, 2472.67895508, 896.596435547
63, 27, 8303.28417969, 28887.0117188, 8386.11621094, 28892.8144531, 4314.375
64, 30, 8488.24804688, 29752.0371094, 8568.81835938, 29758.03125, 4320.94482422
65, 30, 8481.90136719, 29727.78125, 8483.75390625, 29731.5722656, 4312.53076172
66, 10, -2231.48876953, 2859.73706055, -2247.44262695, 2953.47583008, 837.159240723
66, 20, -3112.32397461, 3816.88085938, -3112.67041016, 3818.7878418, 696.887939453
66, 27, 8290.90917969, 28828.7167969, 8375.28417969, 28834.890625, 4303.42089844
67, 34, -2267.9987793, 3064.61035156, -2267.70410156, 3066.76708984, 657.035766602
67, 37, -3113.59741211, 3820.29394531, -3111.38354492, 3818.47949219, 579.746887207
68, 34, -2291.72509766, 3056.58911133, -2292.08349609, 3057.21166992, 710.606018066
69, 37, -3064.02856445, 3593.06225586, -3063.91870117, 3592.72314453, 791.868591309
70, 46, -2268.21435547, 3064.02539063, -3016.48193359, 3376.98217773, 812.211975098
71, 37, -2993.48291016, 3268.72265625, -2970.77612305, 3168.11987305, 757.31463623
71, 46, -2294.00146484, 3067.28979492, -2293.25512695, 3064.12695313, 724.004882813
72, 37, -2993.97143555, 3271.01757813, -2991.78930664, 3270.8190918, 729.675415039
72, 10, -2294.56835938, 3064.88598633, -2293.90185547, 3063.24633789, 718.218688965
73, 37, -2947.40356445, 3063.39526367, -2946.47021484, 3063.27587891, 724.405273438
73, 46, -2313.04125977, 3167.32177734, -2312.84375, 3164.73754883, 838.804321289
74, 37, -2949.2956543, 3064.7355957, -2947.55175781, 3061.50537109, 724.338317871
74, 10, -2402.18652344, 3705.23632813, -2385.07495117, 3594.39550781, 669.523864746
76, 50, -2949.63525391, 3065.05493164, -2948.08300781, 3061.33666992, 696.901245117
76, 54, -2512.44970703, 3817.85888672, -2571.90112305, 3820.99633789, 670.838989258
77, 54, -2622.80053711, 3932.98901367, -2651.52905273, 3933.97949219, 695.258239746
78, 57, -2946.0390625, 3055.73681641, -2924.79931641, 2961.4284668, 719.145507813
82, 74, -2818.92333984, 2472.28857422, -2766.35864258, 2472.77856445, 855.609436035
83, 54, -2793.06958008, 2472.5559082, -2770.92236328, 4410.01074219, 834.062866211
85, 74, -2727.06738281, 2289.29174805, -2620.48486328, 2291.15478516, 873.286254883
86, 74, -2654.55615234, 2197.87280273, -2618.62158203, 2283.43896484, 935.667907715
87, 74, -2627.6784668, 2195.77563477, -2575.39746094, 2199.39306641, 929.505859375
88, 74, -2609.86474609, 2106.02197266, -2574.09936523, 2192.29321289, 948.384338379
89, 74, -2565.70727539, 2017.72924805, -2556.55761719, 2105.32104492, 967.020202637
90, 74, -2547.89477539, 1932.2701416, -2539.98071289, 2020.36096191, 967.020202637
91, 74, -2599.09545898, 1931.37255859, -2555.60083008, 2103.3605957, 967.020202637
92, 74, -2521.97265625, 1681.76831055, -2503.47827148, 1845.43676758, 964.465881348
93, 74, -2494.9309082, 1676.65222168, -2486.27075195, 1762.33789063, 953.406677246
94, 74, -2478.08374023, 1594.19372559, -2445.44189453, 1676.83044434, 975.71496582
95, 74, -2437.46606445, 1514.74108887, -2428.31103516, 1593.48608398, 963.047058105
96, 74, -2463.35766602, 1515.3458252, -2436.68994141, 1517.94189453, 941.28326416
97, 74, -2445.65185547, 1432.89807129, -2395.66455078, 1433.39648438, 1019.31213379
98, 74, -2375.00048828, 1201.65393066, -2380.22827148, 1355.17480469, 986.20489502
99, 74, -2329.43798828, 979.035522461, -2271.0949707, 1051.47644043, 1005.67419434
100, 74, -2328.93554688, 978.183837891, -2293.89477539, 1048.42578125, 1005.67419434
101, 74, -2305.43701172, 974.432128906, -2232.41455078, 974.234619141, 976.156616211
102, 74, -2327.72216797, 975.480957031, -2183.84667969, 974.293945313, 972.271972656
103, 74, -2288.83349609, 899.022460938, -2193.69970703, 900.054260254, 1046.04663086
104, 74, -2140.34350586, 617.653442383, -2119.65454102, 757.661193848, 1007.36273193
105, 74, -2150.76171875, 551.217102051, -2096.56030273, 758.936279297, 1032.79943848
106, 74, -2079.07592773, 417.167938232, -1987.63684082, 419.088104248, 1000.45092773
107, 74, -2078.12695313, 414.892242432, -1986.87341309, 414.395568848, 1008.58752441
108, 74, -2101.30761719, 416.165100098, -1986.13525391, 412.972747803, 1011.26416016
109, 74, -2007.07409668, 282.977111816, -1984.68811035, 282.47958374, 1052.6706543
110, 74, -1973.70690918, 218.721862793, -1950.49438477, 218.650024414, 1046.46789551
111, 74, -1939.48730469, 30.2892684937, -1850.61376953, 29.457233429, 1049.9942627
112, 74, -1895.828125, -91.0421981812, -1764.04528809, -93.5153808594, 1073.45056152
113, 74, -1917.30822754, -90.5887756348, -1754.22424316, -153.734893799, 1061.64343262
114, 74, -1872.2220459, -215.466400146, -1744.0189209, -215.119186401, 1086.68017578
115, 74, -1717.27600098, -499.182250977, -1714.66174316, -387.375915527, 1061.61364746
116, 74, -1678.08630371, -610.365966797, -1623.88134766, -556.911987305, 1084.96142578
117, 74, -1677.97375488, -611.548034668, -1573.24401855, -611.48236084, 1098.57739258
118, 74, -1668.15393066, -665.987243652, -1499.18212891, -826.221679688, 1121.6652832
119, 74, -1668.07592773, -667.889282227, -1482.70153809, -930.819580078, 1133.41088867
120, 74, -1594.49035645, -983.1953125, -1475.09960938, -980.766479492, 1157.45166016
121, 74, -1475.74108887, -1228.76843262, -1455.10961914, -982.942626953, 1115.71618652
122, 74, -1449.01989746, -1276.67773438, -1418.62414551, -1082.59399414, 1115.71618652
123, 74, -1422.74755859, -1324.08886719, -1300.10705566, -1371.50598145, 1122.64013672
123, 85, 7868.70751953, 26449.0234375, 8276.69042969, 27998.9960938, 4279.85986328
124, 74, -1441.75256348, -1324.16064453, -1224.8692627, -1510.07373047, 1182.4420166
125, 74, -1396.72265625, -1370.87573242, -1236.72509766, -1554.21264648, 1181.02087402
126, 74, -1225.08837891, -1772.17785645, -1195.39343262, -1728.25952148, 1173.60400391
127, 74, -1142.99462891, -1980.97436523, -1188.60913086, -1772.22619629, 1169.30200195
127, 84, 1189.77392578, -5527.27392578, 1221.00634766, -5527.33203125, 1191.20373535
128, 74, -1164.8782959, -1941.56433105, -1073.14135742, -1815.10632324, 1169.30200195
128, 84, 1179.6027832, -5526.93066406, 1084.8572998, -5526.90771484, 1292.52441406
129, 74, -1136.77758789, -2023.12231445, -941.346496582, -2180.51879883, 1218.80065918
129, 84, 1202.30249023, -5382.53515625, 900.101196289, -5115.58496094, 1264.5045166
130, 74, -1137.61364746, -2022.37109375, -932.023742676, -2258.62133789, 1212.14599609
130, 84, 1154.30810547, -5148.83056641, 899.413269043, -5115.26855469, 1232.36425781
131, 74, -1005.20288086, -2371.69824219, -919.716552734, -2370.43945313, 1204.87902832
131, 84, 921.46105957, -4839.34082031, 907.572814941, -5066.05664063, 1246.15771484
132, 84, 779.01373291, -4651.26904297, 873.008117676, -4997.390625, 1276.64025879
132, 74, -940.788574219, -2623.27001953, -885.456726074, -2370.71166992, 1216.99389648
133, 74, -911.826049805, -2726.0925293, -885.380371094, -2371.25146484, 1252.71081543
133, 84, 808.907470703, -4612.29199219, 761.43951416, -4689.39794922, 1198.63439941
134, 84, 778.299743652, -4651.83056641, 493.133026123, -4366.8828125, 1228.5657959
134, 74, -899.677246094, -2694.06640625, -768.003356934, -2859.5378418, 1228.66223145
135, 74, -895.626220703, -2726.48022461, -705.610900879, -3021.1862793, 1258.54016113
135, 84, 718.769775391, -4532.94433594, 465.834442139, -4387.26220703, 1237.3548584
136, 74, -873.060180664, -2924.36669922, -644.926391602, -3174.01293945, 1246.54150391
136, 84, 538.977416992, -4124.30078125, 481.743530273, -4345.74609375, 1214.98144531
137, 84, 488.35723877, -4259.30224609, 488.521118164, -4259.07910156, 1231.32055664
137, 74, -738.468688965, -3323.09521484, -675.803894043, -3175.0534668, 1261.16479492
138, 74, -690.939147949, -3493.93432617, -660.141540527, -3174.66577148, 1311.42468262
138, 84, 456.336425781, -3959.05273438, 437.567138672, -4031.48217773, 1196.31628418
139, 84, 449.418640137, -3861.25268555, 231.593566895, -3681.86499023, 1161.68859863
139, 74, -648.792297363, -3630.2487793, -598.863952637, -3352.37255859, 1317.65893555
140, 74, -646.125244141, -3655.93603516, -469.345367432, -3708.66015625, 1285.14807129
140, 84, 437.144958496, -3835.73022461, 205.888534546, -3575.49389648, 1169.34375
141, 84, 283.185028076, -3466.24731445, 163.62663269, -3521.17358398, 1150.45739746
141, 74, -643.942077637, -3681.77392578, -397.504272461, -3959.43481445, 1284.94042969
142, 74, -570.536193848, -3862.22998047, -393.30380249, -4030.28417969, 1310.93933105
142, 84, 192.054168701, -3548.64868164, 180.559646606, -3438.67773438, 1180.18249512
143, 84, 110.132255554, -3205.28979492, 151.113677979, -3410.2019043, 1140.07446289
143, 74, -419.593688965, -4237.57177734, -366.197967529, -4029.82104492, 1397.9777832
144, 74, -301.484741211, -4512.48144531, -339.01260376, -4030.87402344, 1415.41064453
144, 84, 109.884628296, -3174.61743164, -105.024047852, -3176.42993164, 1130.44970703
145, 74, -298.634094238, -4553.11572266, -234.62097168, -4259.13720703, 1360.67712402
145, 84, 109.766456604, -3174.92602539, -104.811950684, -3235.18798828, 1175.40124512
146, 74, -286.62008667, -4552.97314453, -93.3068847656, -4875.01318359, 1380.30761719
146, 84, -29.9106426239, -2892.46264648, -124.501045227, -2957.52416992, 1074.8269043
147, 74, -297.779296875, -4572.59960938, -91.3552932739, -4963.21582031, 1426.25
148, 74, -200.138778687, -4893.65917969, -90.7631835938, -4997.43554688, 1353.59362793
149, 74, -62.5735778809, -5426.80419922, -87.6706924438, -5228.75927734, 1450.7310791
149, 84, -247.739898682, -2553.27978516, -282.965148926, -2517.56616211, 1070.79846191
150, 74, -30.3078022003, -5526.94189453, 1.20431792736, -5015.22119141, 1369.15759277
150, 84, -251.63999939, -2444.67651367, -427.45123291, -2334.20288086, 1054.11914063
151, 84, -308.995452881, -2258.06713867, -467.581359863, -2219.51953125, 1057.0838623
151, 74, -9.26018333435, -5527.07910156, 158.744232178, -5527.26757813, 1254.08874512
152, 84, -421.134613037, -2100.81274414, -491.068267822, -2104.67114258, 1066.921875
153, 84, -456.39666748, -2104.81347656, -473.436523438, -2104.71166992, 1080.11254883
154, 84, -472.114959717, -1817.44641113, -580.312011719, -1816.43981934, 1047.2364502
155, 84, -528.844787598, -1774.86279297, -696.585144043, -1730.24731445, 1056.32702637
156, 84, -531.54119873, -1729.38696289, -725.583312988, -1599.18933105, 1033.37463379
157, 84, -626.497436523, -1419.52990723, -736.227172852, -1465.02832031, 1026.68579102
158, 84, -629.67767334, -1372.35021973, -736.208679199, -1463.84423828, 1049.5423584
159, 84, -643.154418945, -1180.76831055, -744.561523438, -1368.99926758, 1057.38867188
160, 84, -659.374938965, -1228.1887207, -807.368713379, -1083.52172852, 1048.73754883
161, 84, -668.90447998, -1082.27661133, -916.12689209, -980.541809082, 1019.46191406
162, 84, -796.080993652, -978.695861816, -916.068664551, -980.395568848, 980.611877441
163, 84, -825.187561035, -877.971801758, -920.179321289, -930.128967285, 1008.25909424
164, 84, -858.731750488, -719.936462402, -955.108825684, -774.007629395, 1052.52038574
165, 84, -868.781066895, -613.029296875, -992.244018555, -611.550476074, 1012.38323975
166, 84, -868.823974609, -610.136230469, -1040.06787109, -554.30657959, 997.961914063
167, 84, -982.464782715, -500.570739746, -1046.35327148, -499.846252441, 986.273254395
168, 84, -1014.78820801, -387.385803223, -1078.07666016, -388.509796143, 972.58190918
169, 84, -1033.08361816, -213.663223267, -1111.62976074, -273.106964111, 976.782470703
170, 84, -1064.88842773, -95.3201141357, -1146.58251953, -153.575439453, 914.051086426
171, 84, -1066.80651855, -93.0838241577, -1241.39978027, -90.376373291, 939.975341797
172, 84, -1073.40698242, -32.0586166382, -1247.63146973, -29.8298854828, 945.379089355
173, 84, -1202.83825684, 155.639373779, -1270.17224121, 155.99067688, 951.667236328
174, 84, -1261.68115234, 283.575866699, -1284.55151367, 283.696502686, 962.194274902
175, 84, -1276.4095459, 412.553009033, -1293.0291748, 348.750091553, 936.56048584
176, 84, -1277.24914551, 415.180877686, -1368.97766113, 415.465667725, 920.485290527
177, 84, -1277.93164063, 417.482788086, -1324.11157227, 417.615692139, 917.754089355
178, 84, -1315.58666992, 549.402282715, -1317.89367676, 551.563293457, 922.473754883
179, 84, -1326.48937988, 828.472900391, -1364.91772461, 756.975585938, 912.308349609
180, 84, -1349.40673828, 831.274475098, -1396.77697754, 829.606933594, 994.966186523
180, 86, 7790.49560547, 26436.6054688, 7940.13378906, 26438.8691406, 4295.32666016
181, 84, -1358.6192627, 904.710693359, -1477.27966309, 902.728637695, 912.560974121
181, 86, 7413.56396484, 24315.0625, 7631.21679688, 24989.0644531, 4342.32324219
182, 84, -1391.31286621, 973.877746582, -1438.91723633, 972.810668945, 822.151550293
182, 86, 7073.78564453, 23034.6425781, 7209.25097656, 23027.2089844, 4342.32324219
183, 84, -1390.61022949, 974.40838623, -1510.86181641, 973.688781738, 895.519348145
184, 84, -1472.91015625, 1050.48950195, -1544.43310547, 1049.3223877, 925.430969238
185, 84, -1519.84765625, 1048.29187012, -1535.31298828, 979.031311035, 942.715759277
185, 95, 7274.45507813, 24329.7109375, 8101.6015625, 27197.1582031, 4262.13476563
186, 84, -1584.52197266, 1354.95593262, -1610.01733398, 1354.8815918, 909.99822998
187, 84, -1586.06982422, 1356.58508301, -1611.43554688, 1356.55419922, 909.99822998
188, 84, -1620.33032227, 1431.61535645, -1596.7701416, 1433.66503906, 909.64251709
188, 92, -2908.60546875, 3702.11035156, -2878.40991211, 3702.72924805, 640.583068848
189, 84, -1631.08227539, 1517.00256348, -1632.4765625, 1515.13513184, 837.650817871
189, 97, 1126.40905762, -5527.32861328, 842.584594727, -5527.36816406, 1160.69616699
189, 92, -2908.42993164, 3705.890625, -2877.07592773, 3705.82055664, 640.583068848
190, 84, -1641.91772461, 1593.62426758, -1633.48291016, 1518.13818359, 861.583740234
190, 97, 1083.77062988, -5527.27001953, 807.559448242, -5275.37597656, 1321.0723877
190, 92, -2918.93579102, 3064.15893555, -2799.40893555, 3168.02050781, 663.671142578
191, 84, -1652.89416504, 1678.51647949, -1668.7590332, 1599.3560791, 849.517333984
191, 97, 982.294250488, -5164.81689453, 846.125427246, -5306.52832031, 1384.21447754
191, 92, -2920.57836914, 3067.49584961, -2771.2824707, 3162.50683594, 521.064147949
192, 97, 818.905578613, -5049.52832031, 826.844604492, -5291.06738281, 1421.24084473
192, 84, -1653.35107422, 1677.78930664, -1720.25170898, 1601.1138916, 820.391052246
192, 92, -2947.16870117, 3066.18310547, -2940.59863281, 3167.08178711, 548.488586426
193, 84, -1687.96240234, 1931.86767578, -1692.26379395, 1762.09228516, 801.282653809
193, 97, 798.823913574, -4945.92382813, 808.543395996, -5116.09814453, 1412.34484863
193, 92, -2945.72314453, 3060.35375977, -2891.65405273, 3063.69555664, 521.064147949
194, 84, -1738.94604492, 2103.40844727, -1844.04931641, 1931.01855469, 851.530151367
194, 97, 800.381958008, -4765.80712891, 626.410949707, -4573.61279297, 1358.94616699
194, 92, -2917.26147461, 3058.29492188, -2805.80102539, 3063.96972656, 520.82623291
195, 84, -1726.65759277, 2016.40112305, -1830.77746582, 1844.73986816, 826.784851074
195, 97, 781.063720703, -4727.60888672, 606.655334473, -4389.24560547, 1377.00158691
195, 92, -2897.36621094, 2959.67407227, -2832.93798828, 3056.59765625, 540.681091309
196, 84, -1776.84228516, 2191.21801758, -1894.55090332, 2106.3840332, 844.631103516
196, 97, 730.288452148, -4213.83837891, 594.279541016, -4387.83154297, 1318.71166992
196, 103, -2834.37963867, 3063.45654297, -2655.0480957, 3162.27880859, 468.246429443
197, 84, -1803.63806152, 2196.16455078, -1908.39147949, 2193.8515625, 850.338012695
197, 97, 572.068359375, -4054.66845703, 596.264770508, -4366.91894531, 1371.38476563
198, 84, -1869.40759277, 2282.01855469, -1908.35522461, 2198.6574707, 749.640991211
198, 97, 545.278320313, -4054.8347168, 539.339111328, -4124.27148438, 1335.82019043
198, 103, -2902.10571289, 2856.89672852, -2530.13305664, 2953.30859375, 639.618225098
199, 97, 560.719177246, -3859.92138672, 362.089874268, -3656.06958008, 1284.66943359
199, 84, -1923.7590332, 2291.13354492, -1923.87255859, 2288.83569336, 861.816833496
199, 103, -2897.61816406, 2959.1628418, -2504.71875, 2963.56079102, 589.812683105
200, 97, 551.025878906, -3811.29394531, 254.285812378, -3466.47241211, 1302.68640137
200, 110, -1921.43603516, 2284.06518555, -1923.40246582, 2283.57666016, 863.046081543
200, 103, -2839.04150391, 2568.35058594, -2484.77929688, 2853.53955078, 660.372741699
201, 97, 380.031921387, -3322.83105469, 254.084182739, -3466.37084961, 1302.09106445
201, 110, -1923.24926758, 2289.29833984, -1923.82006836, 2288.35400391, 862.461364746
201, 103, -2501.71728516, 2953.93994141, -2483.921875, 2857.81274414, 634.085327148
202, 97, 269.354248047, -3439.03564453, 254.987670898, -3437.25048828, 1306.31652832
202, 110, -1937.36938477, 2378.01733398, -1949.7845459, 2292.57397461, 868.057861328
202, 103, -2874.36401367, 2857.9309082, -2447.58837891, 2659.76171875, 655.769226074
203, 103, -2771.80297852, 2379.54125977, -2395.42773438, 2376.84765625, 681.403320313
203, 110, -1963.42016602, 2379.65966797, -1965.00830078, 2378.11767578, 843.528869629
203, 97, 248.300720215, -3174.23461914, 232.892028809, -3176.22998047, 1307.17675781
204, 97, 255.26902771, -2957.84472656, 115.72518158, -2760.62817383, 1241.11364746
204, 112, -2673.64819336, 2291.49121094, -1978.01330566, 2471.85791016, 763.997680664
205, 103, -2733.72631836, 2200.10205078, -2379.33862305, 2291.55224609, 723.54876709
205, 97, 241.732086182, -2925.67407227, 35.6317825317, -2655.92993164, 1235.10522461
205, 121, -2009.00866699, 2662.69506836, -2072.97851563, 2382.40112305, 458.77041626
206, 97, 138.327697754, -2444.40551758, 19.1232814789, -2552.34204102, 1212.33093262
206, 103, -2680.18286133, 2194.09277344, -2033.26794434, 2471.58544922, 748.11920166
207, 103, -2713.97094727, 2106.96020508, -2298.87109375, 2289.26025391, 768.300048828
207, 97, 35.5106201172, -2587.96875, 52.6557617188, -2481.45947266, 1212.44177246
208, 103, -2758.58227539, 2197.78149414, -2299.0703125, 2291.98168945, 727.670898438
208, 97, 54.1300773621, -2333.48754883, 2.1984667778, -2333.61547852, 1180.42614746
209, 97, 73.0137863159, -2103.29272461, -86.1877212524, -2022.49487305, 1178.09130859
209, 103, -2352.97094727, 2289.1184082, -2246.04394531, 2291.77734375, 677.18572998
210, 97, 107.615150452, -2102.68115234, -143.617965698, -1774.04650879, 1183.34655762
210, 128, -2445.31274414, 1681.83312988, -2444.16137695, 1682.37646484, 831.144104004
210, 103, -2201.91650391, 2191.40332031, -2175.23339844, 2191.9699707, 831.144104004
211, 97, -16.7888793945, -1731.55114746, -161.599838257, -1773.52941895, 1183.24523926
211, 121, -2142.00561523, 1846.79272461, -2130.67407227, 1933.08251953, 773.400268555
212, 103, -2470.32617188, 1677.65759277, -2087.8215332, 1681.44274902, 825.827026367
212, 97, -107.83506012, -1687.42260742, -145.109069824, -1732.07507324, 1189.50561523
213, 97, -128.891326904, -1554.6192627, -167.237350464, -1508.94836426, 1180.17883301
213, 103, -2428.25512695, 1592.74560547, -2049.40356445, 1597.86499023, 820.579956055
214, 97, -130.926834106, -1369.79016113, -248.577102661, -1276.50183105, 1166.17370605
214, 103, -2462.20361328, 1514.17370605, -2048.56762695, 1597.17126465, 809.276306152
215, 97, -131.633285522, -1368.79443359, -316.15713501, -983.334472656, 1172.875
215, 129, -2436.39306641, 1512.63952637, -2412.34008789, 1515.90332031, 708.715332031
215, 103, -2035.22119141, 1517.51721191, -2047.25878906, 1592.39355469, 641.170471191
216, 129, -2396.64746094, 1432.48498535, -2394.76977539, 1433.07128906, 774.67376709
216, 97, -177.454650879, -979.144348145, -316.458465576, -983.138000488, 1155.05871582
216, 103, -2034.28283691, 1510.95996094, -2033.89819336, 1511.12438965, 709.856384277
216, 134, 8374.88671875, 28832.125, 8458.85058594, 28849.1640625, 4327.82910156
217, 129, -2395.98388672, 1432.390625, -2008.21435547, 1356.94958496, 771.78314209
217, 97, -296.892028809, -983.39654541, -297.802337646, -928.458862305, 1148.32958984
217, 134, 8375.36230469, 28832.5039063, 8459.03515625, 28852.0585938, 4362.62060547
218, 129, -2333.76171875, 1123.56384277, -2294.9230957, 1050.41479492, 788.572265625
218, 103, -1995.79589844, 1278.68981934, -1995.1307373, 1277.06835938, 784.894836426
218, 97, -317.610046387, -930.581848145, -320.040771484, -879.305175781, 1119.45336914
219, 129, -2320.07836914, 1052.140625, -2294.22900391, 1051.04016113, 788.572265625
219, 103, -1995.02966309, 1277.8157959, -2018.94934082, 1275.98205566, 783.536254883
219, 97, -455.518127441, -558.509094238, -349.358398438, -613.214782715, 1118.8182373
220, 97, -326.41595459, -667.337646484, -587.418823242, -443.510406494, 1159.59313965
220, 129, -2305.16357422, 979.104248047, -2280.27636719, 976.283935547, 782.858276367
220, 103, -1943.89428711, 978.75213623, -1800.40661621, 978.201538086, 804.765808105
221, 103, -2290.30200195, 902.736999512, -1753.08886719, 975.708129883, 843.960693359
222, 103, -1860.03649902, 902.803161621, -1742.02050781, 905.188232422, 881.749511719
222, 129, -2274.64160156, 827.877075195, -2204.01000977, 828.649841309, 852.999389648
222, 97, -605.37689209, -501.648620605, -611.992248535, -387.43661499, 1150.02807617
223, 97, -712.038757324, -155.768081665, -691.761291504, -155.281585693, 1085.65661621
223, 141, 7862.47216797, 26432.5546875, 8105.27734375, 27206.7636719, 4271.00927734
224, 129, -2218.1484375, 549.403869629, -1729.75915527, 829.451538086, 843.167053223
224, 97, -717.665344238, -91.9244537354, -804.448425293, -91.0401000977, 1047.1854248
225, 103, -2182.35620117, 482.315338135, -2046.09460449, 484.509429932, 773.835693359
225, 97, -717.782714844, -90.6495666504, -901.260498047, 30.5895195007, 1053.17785645
225, 129, -1699.9473877, 483.666015625, -1696.22375488, 617.860473633, 912.702758789
225, 141, 7637.08935547, 25714.8535156, 8107.39111328, 27220.0644531, 4276.64746094
226, 97, -837.876098633, 347.301727295, -917.458190918, 218.319046021, 1043.84179688
226, 103, -2155.98535156, 349.938690186, -1643.59008789, 417.205566406, 916.813598633
227, 129, -2155.69360352, 347.18347168, -2020.81359863, 348.515014648, 917.578552246
227, 144, -1666.86877441, 414.543731689, -1643.56176758, 415.4034729, 894.065856934
227, 97, -922.38848877, 281.877227783, -923.529541016, 283.419250488, 1044.08056641
228, 129, -2108.34179688, 218.337554932, -1986.72033691, 283.506164551, 855.063171387
228, 97, -928.601501465, 350.478057861, -930.300720215, 348.935150146, 973.248413086
228, 144, -1633.86071777, 348.945007324, -1633.09851074, 349.477478027, 882.719177246
229, 129, -1983.93200684, 29.1213092804, -1963.47680664, 154.159759521, 871.551635742
229, 97, -941.63861084, 484.882568359, -1107.14208984, 548.902893066, 1013.90203857
229, 144, -1624.50158691, 282.942657471, -1579.03308105, 284.299835205, 897.381896973
230, 129, -1994.2902832, -30.5154247284, -1929.72424316, -29.6644935608, 864.791625977
230, 144, -1584.96032715, 29.7495727539, -1441.19543457, 93.4784011841, 908.518615723
230, 97, -941.162353516, 482.874084473, -1108.9095459, 551.24621582, 991.486206055
230, 147, -2994.02783203, 4286.90185547, -3068.99633789, 4661.11279297, 501.262695313
231, 144, -1459.64697266, -90.0214309692, -1424.59606934, -29.7457790375, 901.572021484
231, 129, -1970.75561523, -153.900558472, -1906.93933105, -151.589065552, 897.150695801
231, 97, -1173.53686523, 972.942016602, -1167.0982666, 901.655395508, 1035.90930176
232, 144, -1502.95471191, -90.7305984497, -1424.60131836, -29.4164009094, 900.59576416
232, 129, -1948.9675293, -156.837478638, -1926.30004883, -155.849487305, 886.307800293
232, 97, -1214.91796875, 901.687194824, -1214.91662598, 902.366149902, 1016.40039063
233, 129, -1916.20861816, -330.83706665, -1893.79260254, -214.271179199, 897.328063965
233, 144, -1428.60522461, -154.591461182, -1415.55419922, -92.2220077515, 927.060424805
233, 97, -1286.79907227, 904.323791504, -1334.70092773, 902.094909668, 998.199829102
234, 144, -1412.06640625, -272.585479736, -1405.49804688, -153.01902771, 856.877319336
234, 129, -1874.44702148, -444.931854248, -1851.33862305, -445.535186768, 851.273071289
234, 97, -1350.7454834, 1049.00280762, -1439.24536133, 976.905517578, 1246.76708984
235, 129, -1854.76391602, -554.31237793, -1810.41149902, -558.076721191, 885.185913086
235, 97, -1344.0357666, 977.476379395, -1415.10449219, 975.824279785, 982.988342285
235, 144, -1339.58251953, -500.095306396, -1332.01977539, -387.647064209, 866.618591309
236, 144, -1332.7142334, -553.785827637, -1186.87756348, -556.879455566, 884.732666016
236, 129, -1823.22644043, -719.56048584, -1782.03344727, -719.756164551, 944.306091309
236, 153, -3021.44384766, 4413.37890625, -2997.04345703, 4291.13427734, 842.651428223
237, 144, -1330.46777344, -558.086914063, -1206.18823242, -558.891113281, 899.65234375
237, 129, -1794.18334961, -877.44934082, -1760.83007813, -719.659240723, 938.81072998
238, 144, -1255.57995605, -666.233154297, -1241.57495117, -609.83013916, 919.418579102
238, 129, -1784.77001953, -929.34362793, -1723.34472656, -930.18927002, 952.942504883
239, 144, -1208.11035156, -877.959838867, -1172.42456055, -667.163635254, 929.481506348
239, 129, -1784.90588379, -929.366149902, -1626.93029785, -1030.22338867, 866.778259277
239, 156, -3163.27978516, 4797.18457031, -3162.75146484, 4798.28857422, 909.05267334
240, 144, -1195.57385254, -980.043273926, -1095.27697754, -980.576965332, 965.544128418
240, 129, -1755.7833252, -1080.68847656, -1626.35998535, -1033.47912598, 927.845153809
240, 157, 8275.04199219, 28008.9433594, 8283.18847656, 28031.3964844, 4315.22949219
241, 129, -1664.16589355, -1370.64001465, -1576.69055176, -1322.16040039, 950.803833008
241, 144, -1155.23303223, -982.339050293, -1029.65722656, -1033.59375, 920.787536621
241, 159, -1722.72216797, 2191.09057617, -1677.26953125, 1846.21020508, 861.559692383
241, 157, 8031.43066406, 27217.3066406, 8110.37304688, 27226.3320313, 4289.22460938
242, 129, -1682.17541504, -1372.22399902, -1557.77099609, -1323.546875, 960.290161133
242, 144, -1098.88525391, -1130.46899414, -1005.54351807, -1081.78979492, 934.797973633
242, 159, -1711.13464355, 2103.3359375, -1654.99194336, 1679.90393066, 953.982543945
243, 129, -1636.82324219, -1418.28295898, -1540.81347656, -1419.74206543, 966.702148438
243, 144, -1070.79504395, -1369.33325195, -998.69732666, -1322.45861816, 944.319824219
243, 159, -1699.07739258, 2019.34484863, -1664.74462891, 1761.04968262, 929.215026855
244, 129, -1673.36010742, -1420.13964844, -1469.71386719, -1728.93530273, 940.38092041
244, 144, -1063.81323242, -1417.61975098, -954.999938965, -1369.08862305, 1000.45916748
244, 159, -1777.06628418, 2193.71655273, -1829.7376709, 2191.53198242, 830.406311035
245, 144, -1058.56542969, -1464.4753418, -902.868530273, -1508.80834961, 1007.01104736
245, 129, -1580.13684082, -1731.11657715, -1469.48535156, -1729.4822998, 949.717590332
245, 159, -1803.44091797, 2193.59326172, -1803.06433105, 2194.1706543, 835.765380859
246, 144, -1048.17871094, -1554.36901855, -875.994812012, -1773.44470215, 1022.55078125
246, 129, -1464.03881836, -1982.61462402, -1444.50878906, -1774.78308105, 995.778015137
246, 159, -1843.98535156, 2289.22558594, -1843.14453125, 2284.20922852, 806.817321777
247, 129, -1439.99743652, -2022.62219238, -1363.72094727, -1941.09729004, 977.84197998
247, 144, -909.520996094, -1815.24987793, -875.667114258, -1774.66491699, 1025.83520508
247, 159, -1871.15563965, 2291.59863281, -1869.50024414, 2287.08398438, 704.135131836
248, 144, -855.243103027, -1982.76306152, -838.430480957, -1982.02050781, 1017.94122314
248, 129, -1433.46118164, -2063.96972656, -1296.61730957, -2142.76708984, 985.825195313
248, 159, -1896.81958008, 2290.10498047, -1921.72241211, 2287.06176758, 842.375671387
249, 144, -791.588500977, -2100.8215332, -748.730895996, -1982.43908691, 1038.27148438
249, 129, -1443.46276855, -2104.66430664, -1273.10595703, -2296.53979492, 976.169616699
249, 159, -1964.87866211, 2379.30664063, -1938.48828125, 2381.72021484, 870.83215332
249, 167, 8202.76660156, 28019.9296875, 8281.5703125, 28033.859375, 4322.76416016
250, 144, -804.608215332, -2142.1628418, -658.257629395, -2219.38012695, 1072.89074707
250, 129, -1351.96325684, -2444.58129883, -1261.06018066, -2371.97973633, 1054.30004883
250, 159, -1963.58874512, 2381.69897461, -1964.24475098, 2381.85473633, 896.596435547
251, 129, -1277.35717773, -2692.75537109, -1238.49145508, -2409.88793945, 1014.30584717
251, 159, -2064.91162109, 2856.61230469, -2050.16552734, 2757.75512695, 903.50189209
251, 144, -766.398925781, -2180.39599609, -576.074279785, -2409.3359375, 1060.21948242
252, 129, -1277.41748047, -2691.71606445, -1168.31262207, -2656.43261719, 1012.2355957
252, 144, -691.02923584, -2444.73852539, -575.700683594, -2410.18554688, 1058.20507813
253, 129, -1239.3359375, -2725.93579102, -1053.93347168, -2893.20068359, 1027.68676758
253, 144, -607.548156738, -2657.96142578, -593.444763184, -2621.94726563, 1083.93457031
253, 159, -2147.96484375, 2855.6940918, -2132.66967773, 2759.09130859, 993.80090332
254, 144, -528.404907227, -2859.40014648, -541.322387695, -2656.66601563, 1078.1081543
254, 129, -1245.02600098, -2793.63183594, -1029.29455566, -2959.31713867, 1040.65466309
254, 159, -2247.21704102, 2958.14941406, -2219.93798828, 2956.80517578, 856.333984375
255, 129, -1117.46887207, -3204.2878418, -1055.54992676, -2990.33032227, 1064.85302734
255, 144, -526.20111084, -2892.36083984, -396.280822754, -2925.60424805, 1069.49182129
256, 144, -530.329833984, -2826.88476563, -352.346099854, -3173.83642578, 1043.35888672
256, 129, -1042.36657715, -3408.41088867, -1054.02124023, -3114.26757813, 1057.14453125
256, 170, -2268.20068359, 3065.09619141, -2267.49658203, 3063.36572266, 716.81854248
257, 144, -461.680633545, -3145.16650391, -352.242736816, -3176.65844727, 1065.10192871
257, 129, -1046.18115234, -3380.31079102, -945.152648926, -3352.37988281, 1010.41845703
257, 170, -2268.07006836, 3061.68261719, -2267.42797852, 3061.00317383, 716.81854248
258, 129, -997.555969238, -3409.20629883, -836.889648438, -3628.66552734, 1041.99353027
258, 144, -370.72164917, -3409.82763672, -348.802307129, -3235.46142578, 1098.36462402
258, 170, -2269.06274414, 3065.33862305, -2268.27636719, 3063.25927734, 716.81854248
259, 144, -345.587463379, -3602.59545898, -273.227600098, -3235.77587891, 1105.22619629
259, 129, -956.473876953, -3601.88671875, -833.755859375, -3656.46069336, 1052.62512207
259, 172, -2383.41821289, 3591.52441406, -2365.98901367, 3482.22827148, 667.714782715
260, 144, -345.850036621, -3602.39892578, -214.049362183, -3656.06323242, 1127.5871582
260, 129, -882.608642578, -3935.08398438, -847.542419434, -3657.05224609, 1118.43310547
260, 172, -2401.91186523, 3704.78417969, -2402.16552734, 3705.12353516, 646.354431152
261, 129, -839.786437988, -4055.21435547, -797.793823242, -3834.86962891, 1107.52282715
261, 144, -344.653656006, -3629.18603516, -151.946517944, -3861.64306641, 1124.75756836
261, 172, -2404.15600586, 3705.15185547, -2385.94726563, 3594.83178711, 669.523864746
262, 129, -826.250915527, -4055.07177734, -667.540893555, -4146.50439453, 1077.31970215
262, 144, -236.44052124, -3861.93481445, -137.480728149, -3886.24438477, 1120.77856445
262, 172, -2403.77954102, 3701.95727539, -2386.09838867, 3594.32519531, 729.375793457
263, 144, -118.513343811, -4191.89501953, -121.330467224, -4006.95288086, 1128.20056152
263, 129, -812.520019531, -4055.23266602, -620.979919434, -4345.65771484, 1100.39135742
263, 172, -2386.30566406, 3591.97973633, -2394.47021484, 3484.29638672, 618.784851074
264, 129, -714.885070801, -4430.13964844, -615.715026855, -4388.6171875, 1109.43481445
264, 144, -102.554260254, -4281.04443359, -65.9546127319, -4030.08251953, 1172.2277832
265, 129, -598.720092773, -4690.29980469, -605.503540039, -4366.46289063, 1143.85864258
265, 144, -101.294692993, -4345.72998047, 14.6109657288, -4388.58056641, 1132.24182129
266, 129, -582.686157227, -4728.34521484, -530.490966797, -4492.49414063, 1122.90380859
266, 144, -100.954963684, -4367.63037109, 87.2617645264, -4708.92285156, 1204.14538574
267, 144, -23.3147373199, -4613.02490234, 87.5218048096, -4708.84765625, 1169.47802734
267, 129, -568.580566406, -4747.40087891, -397.944946289, -4928.57617188, 1087.21606445
267, 175, 1809.62719727, -5527.29443359, 1862.22485352, -5527.28027344, 1085.33557129
268, 129, -382.913238525, -4980.61083984, -361.682281494, -5116.12695313, 1106.99755859
268, 144, 82.715171814, -4998.37255859, 87.0739746094, -4747.35009766, 1242.98657227
268, 175, 1799.35705566, -5527.29736328, 1840.95910645, -5527.31298828, 1198.48400879
268, 177, -2472.2800293, 3933.58105469, -2501.23413086, 3931.7878418, 609.666809082
269, 144, 126.011894226, -5148.29541016, 156.016418457, -4875.75146484, 1228.8203125
269, 129, -448.960906982, -5165.03222656, -350.99307251, -5115.86181641, 1091.37231445
269, 175, 1809.59643555, -5527.06005859, 1511.34106445, -5244.26171875, 1260.95092773
269, 174, 1115.82446289, -5526.97705078, 1157.89526367, -5527.29003906, 1247.1418457
270, 129, -313.750762939, -5527.00830078, -315.564422607, -5132.0703125, 1124.12487793
270, 144, 137.465438843, -5132.21484375, 272.543945313, -5165.28417969, 1165.32739258
270, 174, 1098.31018066, -5411.52294922, 1073.87841797, -5526.96582031, 1370.93774414
270, 175, 1827.91748047, -5291.05761719, 1446.18518066, -5197.02490234, 1239.47265625
271, 129, -272.089477539, -5526.97998047, -166.566360474, -5526.90087891, 1018.88421631
271, 174, 992.853759766, -5228.265625, 797.480773926, -5115.92578125, 1322.86132813
271, 144, 160.022781372, -5149.13574219, 348.684417725, -5526.99267578, 1195.91113281
271, 175, 1476.12585449, -4998.16699219, 1455.35876465, -5165.34228516, 1274.87145996
272, 175, 1332.34875488, -4765.89355469, 1441.5559082, -5131.66699219, 1276.30664063
272, 144, 264.200958252, -5527.13378906, 348.587463379, -5527.07128906, 1104.05480957
272, 174, 979.088317871, -5244.54541016, 668.626953125, -4856.51074219, 1343.51330566
273, 174, 939.602966309, -5014.58789063, 721.128173828, -4911.09082031, 1352.82226563
273, 175, 1360.61437988, -4746.56542969, 1319.4777832, -4820.91259766, 1221.69433594
274, 175, 1336.55761719, -4746.45898438, 1042.02441406, -4410.10986328, 1224.52612305
275, 175, 1293.16601563, -4553.11425781, 1042.21057129, -4409.08544922, 1192.51220703
275, 174, 564.187255859, -4572.73291016, 502.664489746, -4708.95117188, 1291.92773438
276, 174, 463.815826416, -4410.421875, 412.586639404, -4408.75732422, 1306.2232666
276, 184, 1851.828125, -5527.10546875, 1694.29089355, -5527.19970703, 1170.18164063
276, 175, 1032.3112793, -4387.90869141, 1016.09521484, -4409.12158203, 1205.69909668
277, 174, 438.589935303, -4409.94238281, 188.302871704, -4169.64550781, 1314.71118164
277, 184, 1711.65270996, -5411.80029297, 1788.78051758, -5527.21972656, 1299.88037109
277, 175, 874.893859863, -4029.73632813, 1025.99072266, -4345.71386719, 1210.62011719
277, 186, -2834.86035156, 4923.99462891, -2832.21557617, 4923.53759766, 527.137084961
278, 174, 426.978881836, -4387.62939453, 151.176635742, -4053.92236328, 1300.04797363
278, 175, 904.825256348, -4007.33276367, 873.424255371, -3934.81665039, 1136.60217285
278, 184, 1715.52697754, -5397.328125, 1600.55041504, -5351.74609375, 1336.8548584
278, 186, -2835.90551758, 4925.26953125, -2833.46435547, 4924.71923828, 553.582519531
279, 175, 894.32989502, -3983.25073242, 681.291748047, -3628.26879883, 1220.47351074
279, 174, 304.07824707, -3983.29174805, 124.76701355, -4030.28417969, 1241.55285645
279, 184, 1669.4753418, -5306.23583984, 1315.07165527, -5275.74316406, 1349.28710938
280, 174, 156.333282471, -3835.53271484, 111.988647461, -4006.96435547, 1241.97521973
280, 175, 875.368652344, -3810.8918457, 667.242980957, -3628.3996582, 1160.75488281
280, 184, 1564.0501709, -5015.08740234, 1363.07519531, -5082.66845703, 1285.26245117
281, 175, 724.856140137, -3351.98486328, 626.553833008, -3602.4621582, 1163.13684082
281, 184, 1279.9239502, -4670.98974609, 1375.49536133, -5031.96044922, 1342.28417969
281, 174, 45.6122703552, -3575.55517578, 16.8462047577, -3656.09545898, 1300.41064453
281, 194, -2835.13037109, 4920.81152344, -2835.2434082, 4921.37548828, 586.111816406
282, 174, 2.17534804344, -3627.84667969, -130.659744263, -3466.61621094, 1220.18395996
282, 184, 1271.89978027, -4651.56982422, 1323.35180664, -4857.87060547, 1371.47290039
282, 175, 621.111206055, -3494.12402344, 626.322265625, -3601.88378906, 1165.93908691
282, 194, -2834.79248047, 4922.72363281, -2834.4284668, 4922.30810547, 559.792175293
283, 184, 1214.6784668, -4632.01025391, 1134.48425293, -4532.57763672, 1320.66638184
283, 174, 2.67757821083, -3602.53857422, -257.992462158, -3206.29052734, 1236.48706055
283, 175, 598.88873291, -3235.02441406, 570.1796875, -3204.69238281, 1152.48657227
284, 190, 1336.89733887, -5527.40136719, 1010.86999512, -5527.20800781, 1277.99890137
284, 184, 1217.46435547, -4492.04833984, 932.873596191, -4281.06445313, 1264.46398926
284, 174, -74.3378219604, -3204.80200195, -259.069000244, -3205.52636719, 1214.29309082
284, 175, 615.515991211, -3204.26147461, 367.434906006, -2957.36425781, 1115.82067871
285, 175, 604.997680664, -3145.16650391, 336.943237305, -2925.18383789, 1135.02954102
285, 184, 1070.80737305, -4237.86572266, 938.313354492, -4238.01367188, 1256.47949219
285, 174, -152.216079712, -3145.52319336, -260.145629883, -3176.38354492, 1180.16235352
285, 190, 1283.94189453, -5527.30175781, 1000.02307129, -5527.24755859, 1327.81359863
285, 195, -2836.25756836, 4932.46875, -2836.25756836, 4931.06298828, 564.491333008
286, 175, 403.681060791, -2860.640625, 305.057952881, -2926.35058594, 1149.03039551
286, 174, -292.767211914, -3113.98193359, -276.655578613, -3143.96289063, 1217.57446289
286, 190, 1043.79589844, -5306.59765625, 896.744750977, -5396.10888672, 1354.28686523
287, 190, 831.493591309, -5260.41259766, 883.106567383, -5412.24755859, 1478.83569336
287, 175, 322.373687744, -2892.95581055, 289.938812256, -2893.22973633, 1126.98632813
287, 174, -372.97076416, -2726.91162109, -407.7706604, -2692.0703125, 1173.59912109
288, 175, 249.615783691, -2658.43725586, 248.679519653, -2659.13769531, 1115.83410645
288, 190, 683.955505371, -5115.44580078, 855.881591797, -5381.91699219, 1500.21069336
288, 174, -372.93359375, -2727.57519531, -525.528137207, -2657.56347656, 1187.84020996
289, 174, -390.977752686, -2691.66308594, -575.432739258, -2409.38696289, 1158.49035645
289, 175, 252.447845459, -2552.1081543, 19.3764667511, -2369.06103516, 1067.84765625
289, 190, 664.027282715, -4998.53076172, 549.312744141, -4856.25097656, 1382.11865234
290, 174, -424.52734375, -2371.48950195, -559.568664551, -2408.99853516, 1125.01794434
290, 175, 207.200134277, -2372.27661133, -15.9045915604, -2219.59594727, 1059.81628418
290, 190, 652.166687012, -4997.93457031, 384.251525879, -4651.43701172, 1392.35571289
291, 175, -32.4211578369, -2143.34814453, -85.4766693115, -2142.88916016, 1086.13476563
291, 174, -562.202148438, -2372.09960938, -629.145141602, -2371.96020508, 1146.0390625
291, 190, 588.694396973, -4573.23779297, 313.180023193, -4592.92675781, 1725.60314941
292, 190, 335.908843994, -4409.30908203, 301.213592529, -4572.98095703, 1363.76416016
292, 174, -652.092407227, -2295.68115234, -652.342468262, -2295.5769043, 1125.22680664
292, 175, -15.5920572281, -2102.79052734, -85.457572937, -2104.14941406, 1048.00842285
293, 174, -709.549499512, -2023.28601074, -755.691955566, -1900.41015625, 1125.80249023
293, 196, 509.124969482, -3204.40673828, 496.013275146, -2925.62817383, 1303.14318848
293, 175, -124.379020691, -1816.65466309, -161.572235107, -1816.62817383, 1059.60791016
293, 190, 212.141067505, -4259.67773438, 302.939575195, -4553.63476563, 1371.3873291
294, 175, -167.080581665, -1553.66333008, -316.733184814, -1555.09411621, 985.356628418
294, 190, 124.250770569, -4054.0847168, 121.874961853, -4191.42041016, 1354.17053223
294, 196, 416.331756592, -2924.87084961, 369.874511719, -2892.56152344, 1182.16235352
294, 174, -723.66003418, -2062.62475586, -936.54498291, -1730.25524902, 1140.5456543
295, 190, 108.992240906, -4147.08203125, -93.3037643433, -4007.43896484, 1324.70141602
295, 196, 283.124176025, -2657.0847168, 249.324127197, -2657.60668945, 1154.30944824
295, 174, -738.250366211, -1899.26940918, -936.654907227, -1731.49951172, 1118.2232666
295, 175, -301.550231934, -1462.60302734, -393.557556152, -1508.83032227, 988.298583984
296, 174, -870.567626953, -1643.17028809, -959.279663086, -1685.46081543, 1117.88549805
296, 175, -343.846221924, -1323.47741699, -414.483520508, -1463.21838379, 989.388366699
296, 196, 250.069335938, -2622.8972168, 217.272201538, -2621.70117188, 1190.88830566
296, 190, 96.7261123657, -4030.046875, -227.8984375, -3682.04077148, 1308.23974609
297, 174, -905.086486816, -1687.12426758, -973.600036621, -1728.01281738, 1120.41320801
297, 196, 227.277435303, -2257.47338867, 123.976234436, -2257.93969727, 1116.81738281
297, 190, -84.6011047363, -3630.10913086, -253.124984741, -3760.30151367, 1266.5065918
298, 196, 192.613128662, -2257.99853516, 3.37727236748, -2101.0847168, 1206.21008301
298, 190, -254.06741333, -3733.76000977, -238.865829468, -3759.42724609, 1291.83081055
298, 174, -997.401123047, -1509.66833496, -1045.59375, -1419.38293457, 1105.51806641
299, 190, -407.080352783, -3294.56494141, -317.057495117, -3603.02026367, 1324.8894043
299, 174, -998.492614746, -1322.78955078, -1139.07519531, -1275.71252441, 1085.38903809
299, 196, 144.515426636, -2022.19995117, -33.6504974365, -1981.20837402, 1152.16479492
300, 196, 1.9058432579, -1900.34216309, -33.5430335999, -1899.6895752, 1119.96520996
300, 190, -378.834533691, -3264.67382813, -488.163116455, -3206.66113281, 1230.91479492
300, 174, -1058.41516113, -1132.40771484, -1189.11462402, -1030.35888672, 1054.65551758
301, 190, -387.912780762, -3379.86108398, -679.58392334, -2956.88085938, 1251.27258301
301, 174, -1121.07458496, -930.448242188, -1221.71459961, -930.197570801, 1032.48547363
301, 196, -70.8758621216, -1729.4395752, -70.3628463745, -1775.26940918, 1095.92553711
302, 196, -148.407943726, -1464.90368652, -168.820983887, -1463.36621094, 1058.88024902
302, 174, -1121.48352051, -929.771850586, -1135.5723877, -981.398376465, 1106.98205566
302, 190, -482.878662109, -3052.96264648, -695.41595459, -2957.5456543, 1209.69702148
303, 196, -147.918304443, -1554.84179688, -342.114013672, -1368.68347168, 1056.43469238
303, 190, -637.51739502, -2892.49511719, -752.179077148, -2859.79833984, 1178.23937988
303, 174, -1189.02734375, -1031.2611084, -1149.74963379, -1030.54418945, 1170.91564941
304, 196, -209.493591309, -1324.42602539, -361.608093262, -1368.78796387, 1109.14233398
304, 174, -1208.79626465, -1032.53356934, -1222.61291504, -1081.92614746, 1430.84680176
304, 190, -745.798522949, -2924.07055664, -745.741088867, -2926.03833008, 1190.86022949
305, 196, -325.624816895, -1322.90490723, -444.793243408, -1228.89404297, 1215.36608887
305, 190, -775.416992188, -2621.78979492, -809.165100098, -2622.67333984, 1163.1529541
305, 174, -1367.40124512, -444.664428711, -1472.53759766, -444.926025391, 1014.38305664
306, 174, -1493.36962891, -444.256713867, -1494.61291504, -444.03036499, 1031.67431641
306, 190, -806.175964355, -2481.58520508, -984.031005859, -2257.83081055, 1182.87670898
306, 196, -473.524078369, -1032.49182129, -497.293395996, -982.30279541, 1151.69787598
307, 196, -498.350097656, -928.514404297, -517.151367188, -977.98638916, 1018.15380859
307, 190, -788.856689453, -2481.8059082, -1002.80249023, -2101.33276367, 1182.94616699
307, 174, -1485.01660156, -500.173370361, -1484.88708496, -501.636413574, 1180.00170898
308, 196, -477.260314941, -979.240356445, -674.316101074, -721.151916504, 1024.24389648
308, 174, -1464.77380371, -500.612670898, -1472.88964844, -444.730987549, 1139.2331543
308, 190, -853.342163086, -2180.38745117, -985.377624512, -2101.01879883, 1197.42724609
309, 196, -577.737426758, -614.115478516, -743.136901855, -614.362670898, 993.95489502
309, 174, -1321.2442627, -1081.47351074, -1382.10595703, -929.80255127, 1356.14892578
309, 190, -883.306335449, -2061.67480469, -949.5390625, -2102.44946289, 1483.83825684
310, 202, -1578.04455566, -31.0849895477, -1621.49938965, -31.217124939, 1072.78063965
310, 200, -685.757629395, -557.952331543, -825.508056641, -610.19744873, 1054.03552246
310, 190, -976.080078125, -2023.32421875, -989.205749512, -2061.20288086, 1483.99133301
311, 202, -1590.01196289, -91.8944244385, -1659.24499512, 217.911834717, 1019.82073975
311, 200, -685.84979248, -555.137573242, -784.881896973, -609.567443848, 1020.68530273
311, 174, -936.683288574, -1732.22021484, -1047.10180664, -1730.45422363, 1471.23547363
312, 174, -1004.83966064, -1772.90478516, -1217.62634277, -1553.90026855, 1148.13562012
312, 200, -730.045959473, -214.286880493, -858.192993164, -215.439819336, 974.47454834
312, 202, -1725.01818848, 350.061553955, -1758.5020752, 416.109069824, 922.461547852
313, 174, -1014.49414063, -1686.85021973, -1312.09179688, -1418.38842773, 1084.54833984
313, 200, -858.553527832, -213.131637573, -863.819946289, -155.607284546, 979.838012695
313, 202, -1769.96447754, 347.366210938, -1780.96911621, 413.974975586, 1066.82177734
314, 174, -1216.97741699, -1419.49584961, -1281.13793945, -1368.90332031, 1131.58203125
314, 200, -868.972473145, -95.372467041, -892.563903809, -93.7304458618, 895.08795166
315, 174, -1255.89733887, -1419.49487305, -1491.20544434, -1130.98828125, 1433.79870605
315, 206, -1349.3092041, 828.477905273, -1349.47436523, 826.520324707, 927.613342285
315, 205, -895.932373047, -32.5637321472, -898.015258789, -32.8187408447, 1037.37475586
316, 207, -1420.76623535, 827.506835938, -1506.0994873, 759.044067383, 924.337463379
316, 206, -897.789428711, -30.0970439911, -940.619018555, -31.5357913971, 932.051696777
316, 205, -1384.35888672, -1322.16247559, -1383.60229492, -1323.88415527, 1384.58776855
317, 174, -1447.64086914, -1031.09887695, -1439.06555176, -1081.50219727, 1382.28479004
317, 207, -1492.22351074, 829.987243652, -1539.02160645, 827.378051758, 907.664001465
317, 209, -929.873291016, 345.84463501, -1019.73547363, 347.763519287, 921.103515625
318, 174, -1424.03979492, -1179.76403809, -1643.80957031, -929.396850586, 1381.72961426
318, 210, -1501.28308105, 899.855895996, -1548.71826172, 900.030029297, 856.483581543
318, 209, -928.92755127, 348.532440186, -997.482666016, 351.146484375, 906.569396973
319, 210, -1526.12744141, 905.002197266, -1574.34375, 905.792907715, 858.372802734
319, 209, -958.506713867, 414.569061279, -1071.66320801, 417.554992676, 891.781982422
319, 206, -1535.03234863, -980.237548828, -1770.51965332, -666.909606934, 1278.45874023
320, 174, -1591.97131348, -877.954467773, -1688.67749023, -667.131164551, 1304.44287109
320, 210, -1558.84277344, 977.730834961, -1655.41662598, 978.366943359, 773.393005371
320, 209, -1091.62072754, 619.537597656, -1115.51403809, 618.535705566, 924.643066406
321, 217, -1703.19616699, 972.69708252, -1751.03295898, 976.922485352, 915.864562988
321, 174, -1615.37719727, -978.719299316, -1852.6229248, -556.168762207, 1388.79467773
321, 210, -1113.59924316, 617.71875, -1115.25805664, 618.633605957, 966.825256348
322, 174, -1698.0534668, -610.223937988, -1706.88720703, -558.424926758, 1083.31176758
322, 210, -1142.25170898, 900.938903809, -1166.50439453, 902.212097168, 903.488769531
323, 210, -1143.59790039, 903.632080078, -1166.52722168, 904.766845703, 981.568969727
324, 217, -1808.16003418, 1511.75549316, -1834.33825684, 1511.25512695, 795.871765137
324, 210, -1151.26074219, 975.598693848, -1174.07006836, 975.393493652, 865.397216797
324, 227, 8559.94042969, 29717.6113281, 8567.59863281, 29741.5449219, 4329.63476563
325, 210, -1150.18334961, 975.580932617, -1173.4888916, 972.96484375, 914.393432617
326, 228, -1906.79516602, -153.538864136, -1884.2142334, -150.93711853, 965.274475098
326, 230, -1896.36767578, 1594.40917969, -1896.63012695, 1593.91809082, 638.828918457
326, 210, -1151.62866211, 978.462890625, -1174.75305176, 977.355041504, 961.046386719
327, 228, -1938.38024902, -95.1840057373, -1895.21276855, -93.4036560059, 1080.38635254
327, 210, -1180.8125, 1276.65771484, -1190.70812988, 1125.42016602, 871.173828125
328, 228, -1917.12329102, -90.6390762329, -1995.12280273, 93.0668029785, 1119.03662109
328, 233, -1973.17407227, 1600.73706055, -2010.94543457, 1678.07287598, 1065.08581543
328, 210, -1197.3034668, 1200.72241211, -1214.02124023, 1125.75598145, 847.751037598
329, 228, -2041.36853027, 219.021743774, -1974.09667969, 218.359771729, 1055.75512695
329, 236, -1211.95898438, 1355.16210938, -1246.57336426, 1200.64050293, 907.370666504
330, 228, -1962.86877441, 30.9069480896, -1973.7668457, 219.046936035, 1100.42077637
330, 236, -1221.23388672, 1435.78991699, -1262.57348633, 1354.28027344, 1163.9342041
330, 239, 7709.96289063, 25717.7695313, 8106.00976563, 27211.5390625, 4278.13037109
331, 228, -2087.92675781, 345.649841309, -2042.73828125, 349.111877441, 1136.80639648
331, 210, -1304.60229492, 1514.21179199, -1329.12231445, 1510.48376465, 888.984130859
331, 238, -2148.72973633, 2193.99023438, -2148.85546875, 2192.06518555, 606.350891113
332, 228, -2111.99731445, 350.210266113, -2191.64746094, 413.371002197, 1020.84423828
332, 236, -1355.12744141, 1510.42993164, -1394.50793457, 1432.10656738, 1095.9041748
333, 228, -2170.11181641, 414.608215332, -2156.36938477, 350.607788086, 995.22479248
333, 236, -1371.1652832, 1435.38195801, -1394.69128418, 1432.2833252, 912.972900391
333, 245, 8120.65869141, 28012.8808594, 8207.04296875, 28035.0976563, 4287.47705078
334, 228, -2183.37573242, 484.500091553, -2433.11083984, 903.218444824, 1033.27416992
334, 210, -1413.94226074, 1592.44726563, -1405.86108398, 1517.08422852, 806.796447754
334, 244, -2190.60205078, 2283.29174805, -2176.46923828, 2200.34790039, 564.148681641
334, 245, 8478.23730469, 29709.5898438, 8562.05664063, 29719.84375, 4329.76660156
335, 228, -2183.53637695, 484.3671875, -2464.56225586, 828.449768066, 1103.23352051
335, 247, -2190.52172852, 2283.57666016, -2190.72021484, 2282.40209961, 699.212097168
336, 228, -2297.77587891, 828.320800781, -2480.77807617, 899.671813965, 993.866210938
336, 247, -2219.68994141, 2293.21777344, -2299.47680664, 2292.21728516, 677.103759766
336, 210, -1415.50317383, 1596.99694824, -1440.8840332, 1593.08325195, 836.991760254
337, 254, -2368.73071289, 2378.99829102, -2369.73925781, 2377.57373047, 1020.71386719
337, 228, -2455.68725586, 900.195739746, -2504.37670898, 901.739929199, 989.651306152
337, 210, -1516.62304688, 1598.94067383, -1541.49597168, 1597.73046875, 837.041564941
338, 210, -1616.9744873, 1599.60754395, -1617.26586914, 1598.45751953, 837.804260254
338, 255, -2367.98950195, 2376.66040039, -2353.51245117, 2291.53662109, 677.375366211
338, 228, -2472.91479492, 760.183105469, -2488.03051758, 828.046508789, 1078.00170898
339, 228, -2552.59790039, 903.615356445, -2529.2253418, 905.024902344, 990.725158691
339, 210, -1629.5760498, 1680.87658691, -1630.2232666, 1679.75524902, 820.066833496
339, 257, -2502.59423828, 2955.93139648, -2485.65722656, 2859.46069336, 536.698730469
340, 210, -1710.40808105, 2106.21728516, -1688.82128906, 1933.37878418, 825.439819336
340, 228, -2522.1628418, 977.263427734, -2699.71044922, 1123.92907715, 959.810852051
341, 228, -2765.13061523, 1199.52563477, -2626.37158203, 1125.07995605, 915.555969238
341, 260, -1776.36914063, 2193.47119141, -1803.63269043, 2193.48779297, 641.878967285
341, 257, -2523.31567383, 3056.42895508, -2522.78100586, 3056.54443359, 559.557495117
342, 228, -2561, 1050.01367188, -2802.47973633, 1354.74511719, 944.208496094
342, 262, -2503.48217773, 2959.13745117, -2530.79272461, 2958.01318359, 565.361694336
343, 228, -2636.43554688, 1277.52026367, -2819.62792969, 1433.14550781, 951.068054199
343, 260, -1911.63232422, 2200.26489258, -1912.01062012, 2198.90551758, 698.016662598
344, 228, -2688.6953125, 1511.68322754, -2865.74194336, 1518.19470215, 1063.57983398
344, 266, -1910.06787109, 2200.04833984, -1911.34240723, 2198.28955078, 749.944946289
345, 228, -2714.49560547, 1518.19287109, -2884.77001953, 1599.78845215, 945.651611328
345, 266, -1924.07165527, 2287.04077148, -1924.49511719, 2287.2265625, 781.86932373
346, 269, -1922.64782715, 2286.30371094, -2719.94433594, 3057.12988281, 710.663696289
346, 228, -2706.30444336, 1592.84716797, -2903.91894531, 1680.26281738, 1057.67932129
347, 266, -1936.82666016, 2378.09204102, -1937.06018066, 2376.83837891, 889.804260254
348, 228, -2692.6171875, 3064.14233398, -2892.20385742, 1845.50537109, 970.930664063
348, 266, -1937.05090332, 2380.79980469, -1936.95007324, 2380.59472656, 870.519592285
349, 272, -2725.74121094, 1681.47045898, -2872.82885742, 1762.13366699, 843.687438965
349, 266, -1936.49389648, 2380.57788086, -1936.80859375, 2378.84594727, 869.24621582
349, 228, -2789.73999023, 3269.05175781, -2769.20410156, 3165.828125, 999.013977051
350, 228, -2853.75463867, 3590.20581055, -2910.64648438, 1931.65881348, 796.856689453
350, 266, -1979.8828125, 2662.81103516, -1981.0201416, 2662.33764648, 822.596130371
351, 228, -2853.30224609, 2018.3470459, -2819.71435547, 2105.43652344, 919.490478516
352, 278, -2024.57751465, 2956.90527344, -2024.53198242, 2955.67553711, 896.623291016
353, 278, -2025.14208984, 2955.91381836, -2049.82055664, 2954.36230469, 811.444946289
353, 228, -2834.21118164, 2285.7331543, -2867.04882813, 2198.35473633, 870.392272949
354, 279, 506.036071777, -5527.25976563, 505.653808594, -5527.31298828, 925.976074219
354, 228, -2887.14672852, 2285.40405273, -2993.46264648, 2286.46142578, 952.889831543
355, 279, 454.497192383, -5397.70654297, 432.605682373, -5397.38916016, 1116.67431641
356, 292, -3016.84057617, 2381.35009766, -2988.53735352, 2379.15405273, 746.984863281
356, 279, 267.130401611, -5032.38085938, 465.020385742, -5397.734375, 1185.19213867
357, 228, -2989.1965332, 2379.109375, -2907.78027344, 2377.81469727, 856.259521484
357, 279, 445.397491455, -5115.58447266, 234.128845215, -4997.56298828, 1187.29260254
357, 293, -2068.88500977, 3067.46240234, -2082.54858398, 3163.12060547, 881.847167969
358, 279, 299.677124023, -4857.25195313, 223.182601929, -4981.21533203, 1114.1661377
358, 298, -2099.38085938, 3270.03613281, -2099.81591797, 3272.18383789, 694.384033203
359, 228, -2977.63598633, 2567.47021484, -2896.62744141, 2568.00952148, 811.418762207
359, 279, 203.530487061, -4875.32470703, 203.629760742, -4875.63867188, 1155.328125
360, 228, -3048.30615234, 2760.0925293, -2959.46704102, 2855.70458984, 839.100280762
360, 279, 104.106819153, -4471.56591797, 101.550682068, -4553.29541016, 1141.88659668
360, 298, -2068.10961914, 3065.29052734, -2067.84692383, 3066.796875, 743.916503906
361, 306, 78.318031311, -4409.37158203, 78.4193496704, -4409.61474609, 886.95715332
362, 279, 79.3286056519, -4367.42675781, -137.377578735, -3910.11865234, 1092.19580078
362, 319, -3099.80273438, 2859.81176758, -3093.25854492, 2955.92700195, 796.68182373
363, 279, -12.4374113083, -3982.72875977, -134.276626587, -4030.33422852, 1021.48120117
363, 302, -3016.06176758, 4534.62207031, -3122.09521484, 2955.94555664, 780.781494141
364, 279, -176.20010376, -3982.72729492, -151.286834717, -3886.2019043, 1104.44140625
364, 302, -3069.50317383, 4796.45507813, -3152.28857422, 2959.81616211, 780.781494141
365, 279, -222.107666016, -3835.05126953, -209.998016357, -3785.83544922, 1101.0994873
365, 332, -3201.71850586, 3063.65625, -3176.12841797, 3060.04760742, 698.76385498
365, 331, -3067.51879883, 4794.34130859, -3069.28051758, 4794.31591797, 726.893920898
366, 279, -249.166763306, -3493.98681641, -385.7840271, -3407.94042969, 1054.60351563
366, 335, -2459.43505859, 4049.88769531, -2432.68676758, 4053.2265625, 492.396881104
367, 279, -250.0887146, -3466.78564453, -477.444580078, -3144.92871094, 1069.72314453
367, 331, -3226.81787109, 3166.63916016, -3225.78710938, 3163.33056641, 732.613342285
368, 279, -336.70614624, -3175.56176758, -477.513671875, -3145.60693359, 968.184875488
368, 331, -3276.75317383, 3374.55932617, -3277.56982422, 3375.09130859, 738.348144531
369, 279, -501.133392334, -3021.66748047, -504.352264404, -2957.34350586, 1024.01721191
370, 279, -505.468231201, -2958.65307617, -501.23248291, -3020.56591797, 1038.90124512
370, 338, -3352.92236328, 3703.03540039, -3325.43603516, 3592.03222656, 626.083435059
371, 279, -572.134277344, -2691.57080078, -659.496337891, -2622.41137695, 990.526794434
372, 279, -574.692626953, -2658.31591797, -783.077392578, -2369.46679688, 1045.02392578
373, 279, -577.243103027, -2621.80639648, -787.090087891, -2332.99609375, 1037.59680176
374, 279, -720.124572754, -2104.83642578, -818.338562012, -2182.05883789, 989.951782227
375, 279, -810.858276367, -2257.77416992, -822.374633789, -2143.5769043, 974.106018066
375, 351, -3407.28759766, 3936.09765625, -3405.58276367, 3933.66943359, 527.949829102
376, 279, -873.589538574, -1981.87304688, -852.691101074, -2022.01379395, 983.693603516
377, 279, -894.338623047, -1773.36975098, -913.554626465, -1771.75915527, 971.631896973
378, 279, -898.56829834, -1731.71032715, -1064.17565918, -1417.24353027, 925.16986084
379, 279, -950.284790039, -1416.62731934, -1064.77233887, -1418.18383789, 917.047241211
380, 279, -1031.60827637, -1372.47290039, -1070.32873535, -1370.72290039, 925.841369629
382, 279, -1124.67578125, -1082.03491211, -1131.75463867, -1180.9119873, 936.652099609
383, 279, -1214.94995117, -982.878356934, -1274.50488281, -981.350463867, 960.225219727
384, 279, -1155.05688477, -981.206481934, -1215.40649414, -982.601135254, 886.639038086
385, 279, -1241.52941895, -613.648071289, -1315.93737793, -665.424255371, 851.646789551
386, 279, -1331.4230957, -559.265991211, -1332.24438477, -559.248840332, 856.866088867
387, 279, -1343.97460938, -611.479187012, -1344.41516113, -611.108764648, 872.154968262
388, 279, -1398.77648926, -214.606170654, -1412.17980957, -273.129882813, 811.730895996
389, 279, -1399.8293457, -214.151077271, -1463.34533691, -213.259933472, 832.498413086
390, 279, -1414.84753418, -94.9340896606, -1480.02709961, -95.1700363159, 748.122009277
391, 279, -1554.15356445, -33.2580947876, -1553.79602051, -33.5144882202, 857.478637695
392, 279, -1555.13525391, -32.1744804382, -1554.95373535, -33.4947090149, 841.531066895
393, 279, -1614.44543457, 217.229980469, -1614.55273438, 218.065078735, 844.600036621
394, 279, -1656.70507813, 351.127502441, -1679.10559082, 349.9637146, 802.923217773
395, 279, -1665.64099121, 414.75479126, -1667.66101074, 413.701782227, 786.034423828
396, 279, -1676.73425293, 485.062927246, -1690.14208984, 419.222595215, 813.497253418
397, 279, -1698.2677002, 617.928955078, -1710.60424805, 550.560974121, 884.195129395
398, 279, -1744.88476563, 620.047302246, -1767.28588867, 618.042785645, 905.425415039
399, 374, -1917.81994629, 972.309814453, -1918.67492676, 972.311523438, 770.676879883
400, 279, -1895.234375, 971.908935547, -1908.02197266, 904.086791992, 799.622924805
401, 279, -1918.59545898, 977.943664551, -1919.30688477, 977.64263916, 800.136901855
402, 375, 243.206771851, -5527.34277344, 96.331199646, -5527.35058594, 957.396911621
402, 279, -1944.19506836, 1124.31262207, -1933.61523438, 1052.55053711, 782.539001465
403, 375, 201.296081543, -5527.27685547, 1.4160605669, -5455.58544922, 1082.45129395
403, 279, -1957.97851563, 1199.72485352, -1967.62866211, 1126.10144043, 782.847167969
404, 375, 122.817062378, -5291.19726563, -53.8527297974, -5244.35791016, 1117.23510742
404, 279, -2006.20080566, 1356.17712402, -2006.43164063, 1355.81689453, 760.014404297
405, 375, -9.91885948181, -4997.82177734, -76.3882369995, -5212.58740234, 1148.69152832
405, 279, -2034.87548828, 1517.26367188, -2035.22155762, 1516.25463867, 707.727478027
406, 375, -167.289123535, -4765.99609375, -161.103927612, -4997.56445313, 1198.89648438
406, 279, -2048.19775391, 1596.0715332, -2048.71044922, 1595.13305664, 640.347351074
407, 375, -191.198852539, -4765.58447266, -321.309082031, -4612.32617188, 1124.44873047
407, 279, -2061.72314453, 1677.73498535, -2062.41772461, 1676.91821289, 620.108398438
408, 375, -206.830596924, -4671.12548828, -498.743347168, -4409.33203125, 1125.5189209
408, 279, -2049.6640625, 1598.83154297, -2074.59692383, 1598.88708496, 766.842041016
409, 375, -463.511444092, -4192.20800781, -513.392089844, -4388.08544922, 1097.31359863
409, 279, -2050.74609375, 1600.63354492, -2087.94580078, 1677.30175781, 742.574890137
410, 375, -539.419677734, -4236.40234375, -533.730163574, -4303.15673828, 1113.84191895
410, 279, -2101.60693359, 1763.23950195, -2127.7878418, 1763.57214355, 772.468688965
411, 375, -672.707519531, -3958.85595703, -878.82019043, -3859.94506836, 1090.16467285
412, 375, -1002.51495361, -3683.0546875, -697.378417969, -3859.88891602, 1109.65209961
413, 375, -941.382873535, -3493.91015625, -1034.29663086, -3656.89282227, 1103.73681641
413, 377, -2350.85986328, 2285.48828125, -2351.37133789, 2287.27392578, 595.030578613
414, 375, -1181.0369873, -3381.27099609, -1122.7746582, -3465.23364258, 1036.21228027
415, 375, -1265.99279785, -3234.95043945, -1311.61645508, -3234.84765625, 993.74621582
416, 375, -1343.10375977, -3144.5078125, -1631.25366211, -3175.86938477, 897.984375
417, 380, -2378.3684082, 2292.31811523, -2378.79956055, 2292.77172852, 630.083496094
418, 380, -2393.82519531, 2378.45239258, -2393.96484375, 2379.09863281, 625.774169922
419, 388, -2394.47998047, 2378.74560547, -2395.12451172, 2377.54516602, 793.624450684
420, 388, -2411.92822266, 2473.97070313, -2412.03881836, 2471.57348633, 684.404724121
421, 388, -2482.88598633, 2854.84375, -2483.22729492, 2856.11254883, 548.164245605
422, 388, -2485.72558594, 2860.23828125, -2485.64794922, 2859.33789063, 615.231262207
423, 388, -2502.09790039, 2955.98046875, -2502.80712891, 2957.39550781, 543.286560059
424, 388, -2504.54541016, 2960.50634766, -2505.2355957, 2962.02612305, 710.037841797
427, 388, -2663.72631836, 3064.05249023, -2663.93505859, 3063.73681641, 951.235595703
429, 394, 1410.1463623, -5527.40576172, 1084.2565918, -5527.40283203, 1210.57678223
430, 394, 1357.74511719, -5527.32226563, 1000.75012207, -5526.83203125, 1229.79199219
431, 394, 1252.10961914, -5526.89599609, 989.471252441, -5526.94677734, 1326.90698242
431, 407, -2827.27758789, 3594.23339844, -2848.2487793, 3701.89404297, 649.166992188
432, 394, 1128.77111816, -5321.640625, 1009.4140625, -5426.31445313, 1390.14160156
433, 394, 975.947143555, -5259.87792969, 999.81652832, -5526.90087891, 1409.91906738
434, 394, 882.080383301, -5082.76904297, 966.838378906, -5366.99316406, 1435.79638672
434, 411, -2872.29272461, 3818.31811523, -2872.29223633, 3818.59716797, 755.481689453
435, 394, 933.187255859, -4981.16455078, 874.163574219, -5131.79003906, 1428.52636719
436, 394, 881.753051758, -5014.83251953, 667.984436035, -4857.53515625, 1394.07055664
436, 412, -2872.4921875, 3818.30615234, -2873.15917969, 3820.71020508, 819.943908691
437, 394, 881.84588623, -5014.70849609, 650.995361328, -4690.34472656, 1421.5625
437, 413, -2873.2355957, 3821.56762695, -2873.09057617, 3821.19458008, 611.303405762
438, 394, 875.628356934, -4747.42236328, 636.880187988, -4708.22509766, 1370.02453613
439, 394, 789.861022949, -4572.35449219, 638.837585449, -4689.65234375, 1339.9609375
440, 394, 708.119567871, -4409.32080078, 614.614807129, -4689.64990234, 1351.69934082
440, 414, -2949.06347656, 4055.95068359, -2973.7265625, 4171.23632813, 774.578186035
441, 394, 727.455810547, -4237.47216797, 603.398376465, -4552.59082031, 1386.7857666
441, 416, -2924.67553711, 3937.15893555, -2926.70385742, 3940.74194336, 769.692749023
442, 394, 714.302856445, -4236.53955078, 582.631469727, -4237.328125, 1328.36218262
443, 394, 701.29486084, -4237.74951172, 557.015014648, -4078.12768555, 1339.30151367
443, 417, -2949.09130859, 4053.20361328, -2949.86303711, 4053.97973633, 705.239074707
444, 394, 688.366943359, -4236.05664063, 758.953674316, -3959.01367188, 1371.67272949
445, 394, 748.55279541, -4054.21679688, 751.437133789, -3910.49609375, 1369.01745605
446, 394, 905.075927734, -3465.51831055, 762.105102539, -3810.68945313, 1294.01599121
447, 394, 1062.78417969, -3294.75146484, 762.560241699, -3810.83447266, 1335.49536133
447, 420, -3047.1887207, 4539.82568359, -3072.58056641, 4665.01367188, 916.009460449
448, 394, 1086.84594727, -3235.56469727, 765.205749512, -3785.21313477, 1355.47009277
449, 394, 1087.60913086, -3236.21142578, 858.520141602, -3235.51904297, 1317.52197266
450, 394, 1087.62670898, -3236.05664063, 1035.50317383, -2827.38793945, 1383.43652344
450, 420, -3285.38305664, 4922.95214844, -3253.72949219, 4925.78662109, 885.518493652
451, 394, 1091.95141602, -3205.81030273, 1321.84631348, -2657.6328125, 1427.87280273
451, 420, -3318.44775391, 4929.72607422, -3221.61425781, 4925.32861328, 824.136169434
452, 394, 1176.08483887, -2957.63671875, 1175.13989258, -2860.56616211, 1497.47338867
452, 420, -3318.00952148, 4930.44140625, -3189.95629883, 4930.05175781, 824.136169434
