0, 0, 602.910949707, 8517.81933594, 527.472900391, 8715.13085938, 1657.53308105
1, 0, 601.969604492, 8520.54101563, 566.854309082, 8721.62988281, 1522.28857422
1, 4, 1822.21972656, 11814.6181641, 1710.28442383, 11545.7392578, 1448.40490723
2, 6, 1563.31640625, 12091.0205078, 1726.69018555, 12373.4335938, 1695.50146484
2, 0, 608.600463867, 8724.1015625, 573.286193848, 8920.75292969, 1636.27502441
3, 0, 615.12322998, 8939.36816406, 534.359436035, 8942.26464844, 1627.51721191
4, 0, 619.547729492, 9145.71582031, 498.547119141, 9147.7421875, 1855.04138184
4, 11, 1603.3840332, 12675.3515625, 1555.8203125, 12668.3583984, 1485.33532715
5, 0, 643.545166016, 9802.44042969, 600.421081543, 9808.28222656, 1670.02258301
7, 0, 672.79284668, 10758.3027344, 664.477905273, 10525.0966797, 1679.8215332
8, 0, 672.660461426, 10775.859375, 627.70300293, 10771.9902344, 1605.89575195
8, 25, 1600.76049805, 14969.7841797, 1678.8762207, 15339.3144531, 1402.45935059
9, 0, 677.514343262, 11019.2011719, 677.895751953, 11019.6777344, 1761.17333984
10, 28, 612.113830566, 11819.4003906, 717.213806152, 12099.6123047, 1738.43334961
11, 29, -1534.55603027, 3374.85742188, -1477.17736816, 3374.60253906, 1692.14465332
12, 0, 723.547851563, 12384.5605469, 721.225952148, 12384.2978516, 1739.72277832
12, 30, -533.823425293, 18674.53125, -475.649932861, 18223.90625, 1701.73498535
14, 28, -500.492340088, 16509.2714844, -492.287841797, 16113.6005859, 1794.56640625
14, 0, 882.655212402, 15721.0087891, 884.208679199, 15722.1074219, 1382.03271484
14, 40, -1540.83996582, 3704.5871582, -1510.93444824, 3702.51953125, 1444.36694336
15, 28, 954.510986328, 16102.390625, 885.844726563, 15724.8691406, 1284.86706543
15, 44, -1547.03210449, 3484.75610352, -1499.85498047, 3592.59204102, 1723.15771484
16, 44, -1568.14404297, 3166.07763672, -1506.02124023, 3375.9519043, 2014.04846191
16, 0, 872.447692871, 15347.0419922, 869.397705078, 15346.3632813, 1099.38562012
17, 50, -531.848693848, 18209.7519531, -500.542480469, 16507.3476563, 1271.37109375
18, 50, -545.682800293, 19147.5175781, -544.347900391, 19165.2773438, 1132.35888672
20, 57, -840.366638184, 14979.7412109, -789.757385254, 14979.7929688, 1503.96984863
22, 59, -1573.97875977, 2960.40063477, -1528.71557617, 3061.44189453, 2038.14001465
22, 60, 878.842102051, 15714.453125, 833.343078613, 15725.4453125, 1319.71240234
25, 61, 758.419555664, -5527.30322266, 789.820678711, -5527.24365234, 1171.10205078
25, 65, -828.673461914, 12986.9619141, -827.797424316, 12984.8535156, 1290.36352539
26, 61, 842.726806641, -5396.43408203, 769.420532227, -5381.54589844, 1296.09936523
26, 65, -874.371582031, 12980.7226563, -829.230651855, 12978.5625, 1265.64941406
27, 61, 855.311035156, -5382.09228516, 761.143249512, -4876.17382813, 1390.89428711
28, 70, -358.980712891, 11275.7822266, -269.50289917, 11541.9619141, 1648.22180176
28, 71, 1101.11816406, -1322.80358887, 1100.88427734, -980.851928711, 1400.87768555
28, 72, -852.808837891, 7384.76074219, -667.319641113, 7386.69335938, 1538.08251953
28, 73, -1664.60852051, 1760.88305664, -1454.76293945, 3165.36962891, 1974.19433594
29, 72, -779.051269531, 7380.71826172, -668.69317627, 7385.04980469, 1818.30932617
29, 71, 1247.42480469, -773.521606445, 1142.67260742, -614.718994141, 1424.93078613
29, 70, -394.874603271, 10766.6816406, -389.023864746, 10512.8037109, 1428.4588623
29, 73, -1571.30078125, 2470.80102539, -1550.15405273, 2761.07446289, 1641.67358398
30, 65, -387.240844727, 10520.7558594, -303.768035889, 10758.0966797, 1623.64794922
30, 71, 1295.70617676, -554.178955078, 1143.78552246, -610.792602539, 1371.93505859
30, 72, -697.70098877, 7203.88183594, -625.916931152, 7208.75878906, 1873.70410156
30, 73, -1558.71630859, 3592.48828125, -1511.04284668, 3700.78051758, 1650.13977051
31, 70, -346.534606934, 10505.5234375, -300.299285889, 10509.1064453, 1537.40979004
31, 71, 1289.33837891, -272.518707275, 1169.03015137, -388.385803223, 1474.24755859
31, 72, -617.962585449, 6069.671875, -585.642944336, 6072.86914063, 1423.43493652
31, 73, -1617.64550781, 3594.00244141, -1499.56103516, 3594.42822266, 1738.85180664
32, 70, -371.66418457, 9574.37597656, -330.456115723, 9576.55859375, 1631.96484375
32, 71, 1224.23950195, 91.0938796997, 1342.01989746, -30.1698379517, 1397.18249512
32, 72, -687.348876953, 6059.81591797, -617.334777832, 6056.94775391, 1463.05004883
32, 73, -1622.3380127, 3377.39160156, -1482.43481445, 3700.63256836, 1756.79492188
33, 70, -364.316192627, 9144.171875, -326.292114258, 9361.04492188, 1631.96484375
33, 71, 1261.98608398, 417.27545166, 1365.92456055, 154.786834717, 1407.06677246
33, 72, -715.89453125, 5913.11376953, -579.779907227, 5910.82226563, 1505.05651855
34, 70, -364.445373535, 9145.07617188, -363.463684082, 9146.95703125, 1627.83032227
34, 71, 1470.04211426, 618.274475098, 1316.99841309, 686.998352051, 1413.73181152
34, 72, -749.320129395, 5197.24023438, -619.203552246, 5197.09472656, 2018.83813477
34, 73, -1540.98168945, 3703.29663086, -1482.58166504, 3701.20214844, 1495.28479004
35, 70, -363.9347229, 9137.48730469, -362.288421631, 9138.10449219, 1589.56811523
35, 71, 1460.71386719, 903.218444824, 1332.7746582, 831.118225098, 1421.86572266
35, 72, -672.812255859, 4932.44433594, -577.485107422, 4931.1328125, 1517.45446777
35, 73, -1581.00549316, 3270.20263672, -1500.18017578, 3592.74487305, 1541.62756348
36, 71, 1401.3269043, 1201.42382813, 1343.89013672, 1125.59851074, 1353.9831543
36, 70, -354.253997803, 8514.95507813, -354.126708984, 8518.65136719, 2047.52331543
36, 72, -602.768005371, 4793.31494141, -603.201171875, 4795.34130859, 1426.87402344
37, 70, -349.178924561, 8320.79296875, -349.726257324, 8317.42480469, 1701.72131348
37, 71, 1438.11071777, 1516.86877441, 1386.87475586, 1516.94763184, 1408.2677002
37, 72, -695.094726563, 4053.2590332, -629.708129883, 3939.35888672, 1508.14672852
37, 73, -1598.22607422, 3165.99121094, -1470.95788574, 3595.14941406, 1811.29199219
38, 71, 1271.20324707, 2107.6184082, 1437.99316406, 1516.86950684, 1399.06811523
38, 72, -721.172302246, 3939.8059082, -660.46105957, 3933.24023438, 1509.19763184
38, 70, -371.342376709, 7567.94287109, -338.620056152, 7744.95947266, 1572.11096191
38, 73, -1614.20788574, 3062.62451172, -1563.44226074, 3374.30273438, 1498.43664551
39, 72, -767.990539551, 3702.88330078, -708.637634277, 3703.37817383, 1554.63171387
39, 70, -406.076599121, 7377.4765625, -405.150360107, 7381.05810547, 1635.38061523
39, 71, 1477.01977539, 2283.32226563, 1306.34204102, 2192.38232422, 1361.46289063
40, 72, -735.137634277, 3064.86230469, -693.500488281, 3374.25268555, 1530.20153809
40, 70, -402.185943604, 7197.13085938, -365.73815918, 7205.10498047, 1661.49438477
41, 71, 1262.55432129, 2858.39306641, 1317.99243164, 2858.3046875, 1365.26647949
41, 72, -700.493713379, 2961.62207031, -700.66418457, 2962.18334961, 1508.88842773
41, 70, -558.141174316, 6378.93408203, -352.332977295, 6536.18896484, 1679.81079102
42, 71, 1300.63183594, 2963.6796875, 1167.61474609, 3056.58227539, 1379.20483398
42, 70, -547.479614258, 6064.86914063, -342.048278809, 6060.65185547, 1752.62841797
42, 72, -723.346618652, 2859.23803711, -708.112548828, 2568.22973633, 1510.38842773
43, 71, 1326.64672852, 2962.15869141, 1135.2668457, 3375.69702148, 1408.37329102
43, 72, -837.852233887, 2473.8269043, -718.994262695, 2286.28173828, 1514.83410645
43, 70, -543.941955566, 5906.30761719, -372.064697266, 5905.73046875, 1736.61877441
44, 71, 1322.09729004, 3812.45458984, 1155.50097656, 3595.58203125, 1364.42175293
44, 72, -863.254211426, 1680.484375, -782.310546875, 2019.66247559, 1591.37280273
44, 70, -572.184753418, 5762.98974609, -334.503753662, 5764.53027344, 1752.89904785
45, 72, -841.200256348, 1356.16625977, -787.439208984, 1680.00231934, 1547.49365234
45, 71, 1201.14941406, 3815.48657227, 1171.0838623, 3817.36230469, 1396.85400391
45, 79, 1031.70690918, -5526.93798828, 916.399475098, -5527.31933594, 1177.3717041
45, 70, -547.514770508, 5063.32763672, -386.21105957, 5063.04052734, 1708.08728027
46, 71, 1100.31750488, 4054.41210938, 1191.17614746, 4049.42724609, 1339.59375
46, 70, -507.051513672, 4797.12792969, -410.974700928, 4799.27832031, 1670.16149902
46, 72, -811.379760742, 1278.13439941, -815.00213623, 1354.7947998, 1546.58374023
46, 79, 880.77130127, -5228.77294922, 895.090393066, -5527.26171875, 1356.54077148
47, 71, 1221.01000977, 4411.67675781, 1073.38635254, 4535.43847656, 1439.21386719
47, 72, -809.293701172, 902.204528809, -881.473693848, 618.534057617, 1609.13842773
47, 70, -467.488861084, 4536.91601563, -279.217956543, 4538.60400391, 1704.89294434
47, 79, 936.838439941, -5099.14794922, 896.244384766, -5066.09765625, 1397.06958008
48, 71, 1231.04785156, 4537.86962891, 1060.46447754, 4797.04492188, 1410.19750977
48, 70, -330.219329834, 4050.60449219, -271.132598877, 4054.87890625, 1701.25854492
48, 72, -819.457519531, 1048.50830078, -916.177001953, 481.170837402, 1535.60681152
48, 79, 801.401000977, -4572.88476563, 931.04864502, -4998.51025391, 1422.13098145
49, 72, -991.016418457, 281.872741699, -906.311279297, 350.764831543, 1559.03491211
49, 70, -355.75100708, 3816.68066406, -266.047485352, 3813.53564453, 1753.05419922
49, 79, 825.85949707, -4388.21777344, 988.88494873, -4573.45849609, 1464.73132324
49, 71, 1283.84521484, 5195.32763672, 1070.42492676, 4932.39990234, 1323.52478027
50, 79, 952.114501953, -4053.9152832, 810.578735352, -4409.17236328, 1401.51098633
50, 72, -972.93951416, -155.41960144, -900.276672363, 283.695770264, 1553.96630859
50, 70, -438.006835938, 3591.40966797, -292.368682861, 3702.33129883, 1767.53259277
50, 71, 1111.07495117, 5065.74267578, 1047.55126953, 5057.78222656, 1334.72802734
51, 79, 771.371643066, -3602.98632813, 832.726135254, -4236.01220703, 1490.51928711
51, 70, -303.53994751, 2859.44799805, -278.228607178, 2960.99072266, 1706.08056641
51, 72, -977.430053711, -330.017242432, -854.052185059, -272.294708252, 1525.47265625
51, 71, 1182.91516113, 6061.265625, 1103.24157715, 5918.69335938, 1236.36621094
52, 70, -357.162139893, 2761.12084961, -246.084518433, 2760.015625, 1719.77722168
52, 72, -925.500793457, -665.93737793, -935.647338867, -980.645996094, 1610.20849609
52, 71, 1068.99230957, 5917.56152344, 1103.6751709, 5909.50488281, 1396.52294922
52, 79, 780.231872559, -3655.80029297, 699.707946777, -3602.87841797, 1432.87438965
53, 72, -971.181213379, -614.50390625, -955.335693359, -1179.31958008, 1561.33056641
53, 71, 1111.75354004, 6062.34667969, 1111.73010254, 6057.47021484, 1352.01037598
53, 70, -272.418029785, 2661.53955078, -213.518585205, 2472.44848633, 1707.3996582
53, 79, 768.574707031, -3627.9152832, 663.11315918, -3020.6394043, 1429.66638184
54, 79, 873.722351074, -2958.40820313, 731.932556152, -2956.4777832, 1425.81018066
54, 70, -251.107467651, 1678.55175781, -227.297561646, 1680.80786133, 1665.71191406
54, 71, 1133.49719238, 6378.48828125, 1063.66687012, 6378.04882813, 1345.09106445
54, 72, -1031.65100098, -1370.4654541, -936.656005859, -1368.71374512, 1560.58837891
55, 79, 908.232421875, -2517.49121094, 750.223022461, -2924.44873047, 1430.75683594
55, 71, 1108.77709961, 6533.02294922, 1072.66223145, 6534.21826172, 1378.38330078
55, 70, -327.892547607, 1679.12438965, -224.19569397, 1599.13476563, 1691.84118652
55, 72, -976.146240234, -2021.75512695, -932.52130127, -1416.53015137, 1594.28039551
56, 71, 1163.72375488, 7381.95947266, 1125.88867188, 7379.22949219, 1240.55712891
56, 72, -949.895080566, -2102.12329102, -855.80480957, -1982.21191406, 1527.5324707
56, 70, -359.818389893, 1051.52209473, -222.134033203, 1433.4864502, 1721.93688965
56, 79, 826.632202148, -2333.89160156, 760.455871582, -2658.10083008, 1439.93676758
57, 72, -932.41595459, -2103.46240234, -841.90234375, -2623.35668945, 1560.88476563
57, 71, 1151.73864746, 7214.50341797, 1078.46435547, 7213.04589844, 1446.24963379
57, 70, -327.010101318, 759.616455078, -236.928268433, 979.000732422, 1717.90124512
57, 79, 937.096679688, -2101.5300293, 834.618530273, -2062.39599609, 1415.00512695
58, 71, 1162.74829102, 7382.57275391, 1052.05737305, 7380.45410156, 1389.0748291
58, 72, -923.95324707, -2622.77563477, -889.251037598, -2926.33496094, 1610.66503906
58, 70, -304.925109863, 829.354858398, -188.157241821, 899.082702637, 1671.99743652
58, 79, 871.377197266, -2062.9296875, 817.134765625, -1685.72106934, 1434.2520752
59, 70, -192.383773804, -90.5231018066, -193.128311157, -90.8822097778, 1785.4453125
59, 72, -983.69921875, -3053.04248047, -885.736022949, -2957.60791016, 1551.16772461
59, 71, 1162.78613281, 7390.43505859, 1089.65222168, 7389.16357422, 1495.54858398
59, 79, 1021.67944336, -1509.20129395, 898.139404297, -1416.984375, 1443.5045166
60, 72, -963.382263184, -3656.72167969, -886.436035156, -2956.46240234, 1587.66638184
60, 70, -225.039321899, 350.669250488, -190.786132813, -271.258331299, 1712.86303711
60, 79, 1075.07397461, -1032.93640137, 931.232055664, -1276.31604004, 1418.5925293
60, 71, 1150.28369141, 7750.4140625, 1147.65026855, 7745.6953125, 1438.45141602
61, 72, -941.39263916, -3810.43457031, -892.952819824, -3409.68725586, 1528.41333008
61, 70, -349.808898926, -611.608520508, -188.336380005, -387.581054688, 1749.08947754
61, 79, 922.029174805, -978.654968262, 936.36907959, -1031.43127441, 1458.72766113
61, 71, 1248.74450684, 8722.06542969, 1210.98034668, 8719.54394531, 1359.46411133
62, 70, -255.056503296, -1030.62878418, -204.325759888, -612.656555176, 1710.29138184
62, 72, -920.478271484, -3861.92651367, -931.422058105, -4346.09765625, 1623.29699707
62, 71, 1249.34313965, 8719.82226563, 1169.90087891, 8713.93945313, 1330.07202148
62, 79, 1004.42352295, -558.073547363, 987.374572754, -500.27722168, 1401.55957031
63, 72, -900.91784668, -4007.13208008, -985.397460938, -4573.81005859, 1579.64697266
63, 70, -231.732452393, -1180.88952637, -181.262191772, -720.564880371, 1702.33325195
63, 71, 1210.39807129, 8729.91113281, 1170.60839844, 8726.93457031, 1330.41723633
63, 79, 1009.0803833, -501.315155029, 925.240112305, -32.9875640869, 1437.09790039
64, 79, 1056.99865723, -31.1584777832, 1020.51226807, 283.49041748, 1415.85681152
64, 72, -1081.5168457, -4727.83203125, -982.364990234, -4593.50341797, 1470.91235352
64, 70, -208.831970215, -1324.1192627, -126.654380798, -1728.46655273, 1706.70129395
64, 71, 1249.83984375, 9360.37304688, 1114.39318848, 9147.59179688, 1279.88720703
65, 70, -167.132492065, -1509.58898926, -155.36378479, -2101.53393555, 1755.38842773
65, 79, 1101.94897461, 415.888671875, 1048.49951172, 351.493255615, 1435.56689453
65, 72, -1065.73132324, -5291.01171875, -997.150817871, -4573.88818359, 1584.62268066
65, 71, 1126.18713379, 9353.79101563, 1032.7598877, 9140.80859375, 1318.90808105
66, 72, -1048.94616699, -5322.05224609, -1017.0098877, -5015.34863281, 1376.74694824
66, 79, 1092.01745605, 551.122680664, 1055.15612793, 418.588806152, 1435.61584473
66, 70, -279.022521973, -2141.94970703, -137.829803467, -2181.39306641, 1660.93847656
66, 71, 1104.13623047, 10513.6318359, 1061.41003418, 10513.8710938, 1180.55725098
67, 72, -1036.31555176, -5382.24267578, -1091.25585938, -5527.32226563, 1289.00500488
67, 79, 1133.97265625, 977.868225098, 1075.05700684, 1124.77124023, 1418.9588623
67, 70, -253.320632935, -2893.41064453, -197.692382813, -2553.06713867, 1724.89538574
67, 86, 1070.32043457, 10762.046875, 1069.37915039, 10755.5136719, 1117.04614258
68, 79, 1134.40905762, 979.685424805, 1024.20019531, 1676.62463379, 1463.26818848
68, 70, -231.53477478, -3083.78613281, -197.704269409, -2552.66308594, 1695.70178223
68, 72, -1071.03295898, -5526.953125, -1102.16394043, -5527.03808594, 1056.35705566
69, 87, 1070.08520508, 10776.8095703, 1030.02355957, 10770.5830078, 1159.23547363
69, 70, -214.582687378, -3145.09619141, -115.696990967, -3465.44189453, 1693.26489258
69, 79, 1219.01208496, 1594.99279785, 1042.49487305, 1600.17944336, 1429.29309082
70, 70, -127.236114502, -3656.25024414, -123.579544067, -3910.02734375, 1700.14013672
70, 79, 1252.19824219, 2195.64208984, 1071.64111328, 1932.26220703, 1448.29980469
70, 87, 1042.00439453, 11014.3818359, 1029.18725586, 10775.2304688, 1159.21154785
71, 70, -235.871871948, -3860.66796875, -120.584098816, -4078.22094727, 1656.07714844
71, 90, 1078.54589844, 11816.5058594, 1050.11950684, 11284.7939453, 1327.56726074
71, 79, 1074.55395508, 2289.73461914, 1076.00061035, 2286.32592773, 1378.9197998
72, 70, -304.674346924, -4689.52294922, -134.334213257, -4055.30541992, 1783.8079834
72, 79, 1177.82104492, 2859.46875, 1101.73510742, 2956.1315918, 1418.39916992
73, 79, 1026.02734375, 3060.921875, 1121.93884277, 2856.86889648, 1490.34472656
73, 70, -294.653137207, -4893.75488281, -117.901321411, -4214.12939453, 1735.03820801
74, 70, -299.285186768, -5015.28564453, -225.892486572, -5116.09619141, 1610.22644043
74, 79, 1120.51806641, 3165.078125, 1007.67102051, 3593.6809082, 1397.64221191
74, 97, 927.591796875, 12688.2861328, 926.677001953, 12693.8515625, 1172.61071777
75, 79, 1173.06933594, 3819.1418457, 985.874023438, 3703.18383789, 1375.56494141
75, 70, -272.914428711, -5082.84814453, -334.45513916, -5527.26123047, 1604.78063965
76, 79, 1060.90075684, 3936.88037109, 1000.37164307, 3929.72216797, 1297.4362793
77, 79, 1118.03796387, 4290.33984375, 964.681213379, 4291.86572266, 1409.20043945
77, 97, 791.795715332, 12980.0566406, 794.679382324, 12986.6416016, 1053.42163086
78, 79, 1057.07092285, 4290.64306641, 988.900085449, 4665.47998047, 1455.77124023
79, 79, 1068.89196777, 4927.65576172, 1036.77636719, 4929.85742188, 1322.78295898
80, 79, 1153.55456543, 5199.81982422, 1045.29956055, 5061.39355469, 1431.75427246
81, 79, 1093.03210449, 5765.17773438, 1060.00305176, 5761.51806641, 1334.01464844
82, 79, 1102.14477539, 5917.73730469, 1043.77124023, 6058.0234375, 1408.11254883
83, 79, 1078.88476563, 6062.67285156, 1008.9934082, 6067.95751953, 1420.74633789
83, 111, 870.323974609, 15348.8222656, 870.637756348, 15352.7255859, 875.590393066
84, 79, 1150.66882324, 7200.51464844, 1093.87341309, 6866.27197266, 1335.31542969
84, 111, 883.582397461, 15710.9355469, 883.624145508, 15716.1171875, 879.808227539
85, 79, 1115.3125, 7204.43212891, 1003.82110596, 7198.96875, 1286.31982422
85, 111, 873.110778809, 15349.2070313, 885.13659668, 15702.1572266, 927.095703125
85, 115, -1541.73132324, 3706.00634766, -1541.45410156, 3704.69189453, 1791.88305664
86, 79, 1013.74536133, 7376.43603516, 931.888000488, 7210.81689453, 1263.4362793
87, 79, 1099.36181641, 7560.39648438, 1014.48339844, 7393.04980469, 1384.64135742
87, 115, -1575.57373047, 3484.16845703, -1500.10229492, 3594.1340332, 1806.4979248
87, 111, 882.857177734, 15719.9277344, 896.912231445, 16093.6484375, 879.808227539
88, 79, 1147.89416504, 7748.91601563, 996.557739258, 7747.95800781, 1438.13623047
89, 79, 1247.18969727, 8708.32226563, 1067.62646484, 8321.62402344, 1432.52941895
90, 79, 1210.39074707, 8718.91992188, 1039.54736328, 8516.0859375, 1419.38525391
91, 79, 1170.6229248, 8725.14550781, 1050.35559082, 8714.42871094, 1334.50720215
92, 79, 1182.98937988, 8931.11035156, 981.692626953, 8934.89648438, 1305.02893066
93, 79, 1193.9786377, 9804.20117188, 1221.21398926, 9581.13574219, 1249.14428711
94, 79, 1263.89648438, 10277.578125, 1221.45056152, 10271.46875, 1339.21923828
95, 79, 1220.33068848, 10276.4287109, 1091.86889648, 10270.3710938, 1281.30554199
95, 128, -1561.00366211, 2858.64550781, -1545.34375, 2958.51464844, 2053.26489258
96, 79, 1205.93469238, 10757.4042969, 1204.77160645, 10754.7568359, 1456.05554199
97, 79, 1161.921875, 10772.0195313, 1116.90209961, 10771.7705078, 1210.26696777
98, 79, 1131.90490723, 11025.3847656, 1220.46386719, 11022.4726563, 1129.90466309
99, 79, 1141.57727051, 12101.7421875, 1141.91503906, 12094.6972656, 1371.3963623
100, 79, 1141.05908203, 12094.6621094, 1126.2532959, 11817.9794922, 1281.609375
102, 137, -1584.09667969, 3059.74853516, -1556.85009766, 3061.00927734, 1542.71447754
103, 137, -1572.84790039, 2957.01367188, -1545.11376953, 2960.77075195, 1946.05627441
104, 140, -1540.23059082, 3164.08618164, -1494.41918945, 3268.8581543, 1736.10961914
104, 141, 1199.66992188, 13295.6699219, 1199.63818359, 13291.234375, 1206.13317871
105, 142, -1584.17504883, 3061.96850586, -1505.94177246, 3374.88476563, 1811.4666748
105, 141, 1230.05029297, 13938.5703125, 1230.31628418, 13933.5664063, 1115.97009277
106, 142, -1566.2701416, 2661.86474609, -1544.76062012, 2957.8503418, 2012.53918457
107, 142, -1558.4197998, 1931.60913086, -1501.78283691, 2107.46508789, 2035.48620605
109, 143, 1320.35864258, 15698.0390625, 1321.30383301, 15704.4169922, 940.80657959
115, 142, -1596.76525879, 3165.15136719, -1556.4765625, 3061.55786133, 1613.73864746
117, 142, -1585.34033203, 3059.92456055, -1545.57006836, 2959.47021484, 1796
118, 142, -1589.69726563, 2856.86816406, -1642.68640137, 1596.66369629, 2035.48620605
119, 142, -1609.21032715, 3269.29760742, -1534.62133789, 3374.84521484, 1550.20483398
121, 142, -1794.77233887, 1598.76184082, -1639.33862305, 1761.43640137, 2069.203125
122, 142, -1613.42138672, 3060.68432617, -1572.6875, 2959.61230469, 1653.3795166
123, 142, -1566.49963379, 2661.81542969, -1554.47814941, 2565.84399414, 2014.04846191
124, 142, -1585.04833984, 3061.20068359, -1545.06835938, 2959.24584961, 2023.77697754
125, 142, -1679.37341309, 1676.81628418, -1531.79797363, 1931.74023438, 2050.65380859
126, 142, -1743.66625977, 1594.05053711, -1628.5177002, 1677.34863281, 2085.88525391
127, 142, -1719.22607422, 1598.43859863, -1547.6262207, 1845.98095703, 2078.51611328
128, 142, -1587.86914063, 3592.27539063, -1470.57189941, 3591.26538086, 1556.578125
131, 146, -1596.984375, 3163.69995117, -1568.37841797, 3164.32958984, 1567.23950195
132, 149, -1578.70532227, 2759.7097168, -1550.53771973, 2760.79760742, 1812.96923828
133, 149, -1571.10070801, 2471.32373047, -1549.67822266, 2759.97607422, 2024.38317871
134, 149, -1584.42541504, 3058.97363281, -1529.02050781, 3063.14941406, 1797.56665039
135, 149, -1580.27441406, 3268.71044922, -1517.36486816, 3483.83935547, 1736.62939453
136, 150, -1585.53527832, 3060.62426758, -1540.46899414, 3165.22949219, 2051.24145508
137, 150, -1794.61865234, 1597.33227539, -1573.13330078, 1845.78381348, 2091.8125
138, 150, -1600.39404297, 2956.69580078, -1545.29858398, 2959.42260742, 1829.11022949
139, 150, -1546.14562988, 3482.17944336, -1488.28100586, 3482.47558594, 1771.1998291
140, 150, -1572.68457031, 2958.01098633, -1500.19470215, 3061.2019043, 1758.12182617
141, 150, -1582.39624023, 2565.48950195, -1532.99316406, 2379.63842773, 1698.25683594
142, 150, -1564.33312988, 2195.43774414, -1511.23022461, 2195.39941406, 2013.41064453
143, 150, -1564.59655762, 2196.29907227, -1537.8494873, 2196.50732422, 1781.5378418
144, 150, -1597.33398438, 3164.78417969, -1557.49035645, 3062.46044922, 1538.08752441
146, 150, -1552.05871582, 3269.28417969, -1517.4630127, 2960.62646484, 2051.9621582
147, 150, -1707.53271484, 1516.10205078, -1592.17028809, 1594.89953613, 2039.02563477
149, 150, -1558.11889648, 3591.14038086, -1591.99584961, 1597.22766113, 1766.0357666
150, 150, -1572.83581543, 2960.55664063, -1482.98535156, 3165.91430664, 1857.59985352
151, 150, -1596.24829102, 3165.31445313, -1505.80908203, 3374.94262695, 1839.04736328
152, 150, -1588.79431152, 2857.08349609, -1533.63635254, 2858.6315918, 1737.95800781
153, 150, -1588.69799805, 3595.04614258, -1471.05883789, 3591.97802734, 1549.65881348
155, 150, -1596.44067383, 3165.37451172, -1494.66235352, 3270.26245117, 1783.98986816
158, 150, -1574.02185059, 2959.58447266, -1533.3458252, 2859.28295898, 1897.02001953
162, 151, -1540.01489258, 3167.10595703, -1522.37768555, 3268.30883789, 1751.27966309
163, 150, -1549.94677734, 2760.43041992, -1538.36254883, 2662.47485352, 2064.9855957
165, 150, -1585.17358398, 3062.22973633, -1567.83032227, 3163.8762207, 1857.59985352
167, 150, -1575.61975098, 2287.95336914, -1543.70568848, 2471.79394531, 1966.42016602
177, 150, -1575.47265625, 3483.37744141, -1505.58251953, 3374.99609375, 1598.87634277
178, 150, -1588.63574219, 2857.50195313, -1544.28271484, 2471.51416016, 1825.40087891
179, 150, -1573.41748047, 2959.81738281, -1561.41809082, 2858.59594727, 1799.15905762
183, 150, -1757.4798584, 1512.85949707, -1606.81335449, 1513.27941895, 1800.24645996
184, 150, -1609.50805664, 3268.57177734, -1540.62353516, 3165.27026367, 1990.59570313
185, 150, -1650.20019531, 3375.72314453, -1516.88354492, 3482.06469727, 2002.77502441
186, 150, -1689.4934082, 3701.58959961, -1488.80249023, 3484.87963867, 2051.25805664
187, 150, -1616.80102539, 3592.28173828, -1506.2644043, 3376.44897461, 2079.328125
188, 150, -1718.92272949, 1597.55541992, -1603.02661133, 1680.47094727, 2052.76391602
189, 150, -1769.56555176, 1595.76196289, -1603.17211914, 1678.64904785, 2026.6262207
190, 150, -1568.91821289, 3164.7265625, -1511.6159668, 3164.68847656, 1825.1998291
191, 150, -1592.45495605, 3376.8347168, -1499.65332031, 3591.97436523, 2067.71313477
192, 150, -1592.55078125, 3376.08203125, -1523.04455566, 3269.6706543, 1999.56921387
193, 150, -1667.68481445, 1594.12780762, -1592.3984375, 1596.30603027, 1772.00671387
194, 150, -1668.3380127, 1595.265625, -1617.73730469, 1596.48669434, 1748.06066895
195, 150, -1693.44006348, 1597.38879395, -1628.3326416, 1677.57458496, 1744.01733398
196, 150, -1679.24169922, 1676.8190918, -1602.56542969, 1679.0012207, 1758.67871094
197, 150, -1693.71032715, 1595.22998047, -1617.1081543, 1596.97912598, 2051.30371094
198, 150, -1558.59985352, 3594.18115234, -1471.33398438, 3594.26928711, 1518.59130859
199, 150, -1585.29528809, 3060.47875977, -1522.77294922, 3268.18212891, 1810.3013916
200, 150, -1592.32141113, 3374.74633789, -1618.17590332, 1597.75878906, 1742.34924316
201, 150, -1718.9206543, 1594.18041992, -1494.35192871, 3268.5390625, 1798.4564209
203, 156, -1585.96386719, 3062.66699219, -1556.66772461, 3060.27075195, 1507.9967041
204, 150, -1596.59082031, 3166.24438477, -1540.15368652, 3164.99682617, 2027.67211914
205, 150, -1613.86853027, 3061.53759766, -1556.85766602, 3062.27709961, 1966.42016602
206, 150, -1593.17114258, 3377.3215332, -1517.15893555, 3482.08276367, 1811.83166504
207, 150, -1580.97937012, 3270.18701172, -1535.16748047, 3376.21679688, 1566.84118652
208, 150, -1617.60388184, 2857.77954102, -1528.66491699, 3061.71240234, 2002.77502441
209, 150, -1558.53808594, 3594.21313477, -1471.44787598, 3592.40136719, 2038.79406738
210, 150, -1612.95458984, 3060.02392578, -1572.50036621, 2958.80908203, 2015.48181152
211, 150, -1730.42285156, 1678.17004395, -1537.63293457, 2195.15893555, 1812.96923828
212, 150, -1597.02392578, 3165.00024414, -1511.65454102, 3164.87768555, 1813.56738281
214, 158, -1563.8651123, 3374.97827148, -1568.07092285, 3165.60351563, 1692.05969238
215, 161, -1580.05395508, 3268.2956543, -1556.6048584, 3061.8659668, 1963.35314941
216, 161, -1583.91638184, 3060.83325195, -1560.89453125, 2857.9309082, 2001.24645996
217, 161, -1633.60412598, 3484.34179688, -1584.71228027, 3061.75146484, 1932.26489258
221, 161, -1511.93359375, 3706.84204102, -1481.30224609, 3701.28808594, 1555.64416504
222, 161, -1540.90539551, 3705.81274414, -1482.69604492, 3701.44067383, 1783.98986816
223, 161, -1585.30126953, 3061.70874023, -1551.41296387, 3268.21630859, 1569.22167969
224, 161, -1573.98547363, 2959.71704102, -1545.34155273, 2960.1315918, 1768.23974609
225, 161, -1573.1574707, 2958.82885742, -1544.38537598, 2958.2590332, 1782.20568848
226, 161, -1585.01037598, 3060.39013672, -1528.70837402, 3062.29614258, 1569.59973145
227, 161, -1608.38134766, 3269.28100586, -1499.59265137, 3591.42382813, 1784.09545898
229, 161, -1596.40136719, 3164.7722168, -1528.82897949, 3063.42456055, 2014.69494629
230, 161, -1575.73803711, 3483.75805664, -1477.05371094, 3374.88720703, 1711.69873047
231, 161, -1585.16833496, 3061.26464844, -1642.45324707, 1593.7635498, 1803.96887207
232, 161, -1563.75195313, 3375.10595703, -1505.55871582, 3374.59521484, 1811.29199219
240, 165, -1570.75280762, 3702.5090332, -1471.31738281, 3594.65185547, 1502.34094238
241, 165, -1576.07922363, 3484.11450195, -1470.47729492, 3592.18725586, 1552.46557617
242, 165, -1523.96191406, 3814.26098633, -1481.99853516, 3702.76831055, 1811.29199219
244, 165, -1573.47509766, 2957.52783203, -1561.32666016, 2857.52050781, 1621.09179688
245, 165, -1568.75830078, 3164.86352539, -1556.11535645, 3060.97143555, 1722.17504883
247, 165, -1529.82958984, 3593.37475586, -1551.22546387, 3268.39941406, 1510.36157227
248, 169, -1693.17321777, 1593.64697266, -1617.44714355, 1597.90673828, 1012.68530273
249, 170, -1575.75585938, 3483.00317383, -1487.71069336, 3482.06030273, 1776.98278809
250, 170, -1693.39758301, 1596.67590332, -1511.51452637, 2196.62158203, 1768.23974609
254, 170, -1600.31530762, 3702.7668457, -1500.22998047, 3594.32910156, 1569.59973145
255, 170, -1592.4543457, 3376.69384766, -1505.63830566, 3375.28393555, 1706.83532715
256, 170, -1782.81066895, 1515.9284668, -1577.87219238, 1679.82287598, 1787.81616211
257, 170, -1597.73168945, 3165.31445313, -1545.49487305, 2959.06176758, 1667.15588379
259, 170, -1591.50744629, 2196.19140625, -1564.25927734, 2195.93237305, 2048.59814453
262, 170, -1613.58190918, 3062.24902344, -1572.27807617, 2958.23071289, 1825.40087891
264, 170, -1557.09875488, 3062.18603516, -1511.30932617, 3163.40112305, 1950.73474121
265, 170, -1540.91516113, 3705.00708008, -1482.85449219, 3704.58325195, 1783.46704102
266, 170, -1568.66552734, 3164.37060547, -1539.55554199, 3165.51855469, 1756.2800293
267, 173, 1577.03234863, 12970.1181641, 1575.53820801, 12965.1308594, 938.893249512
267, 174, -1757.88635254, 1514.34558105, -1656.82763672, 1514.78479004, 992.569335938
267, 170, -1511.51342773, 3701.88354492, -1499.26391602, 3590.89160156, 2013.83190918
268, 170, -1552.02197266, 3270.12329102, -1477.43249512, 3375.16650391, 1518.51513672
269, 176, 1085.98156738, 12996.8427734, 1085.70043945, 12988.1386719, 1533.6315918
269, 170, -1529.36242676, 3594.70654297, -1499.08044434, 3591.20800781, 1750.85095215
270, 177, 809.741577148, 13610.3056641, 751.196166992, 13286.8261719, 1205.25
270, 170, -1499.52282715, 3593.91333008, -1487.9708252, 3484.10473633, 1708.81628418
274, 190, -397.36340332, 13933.0019531, -395.316986084, 13608.2890625, 1546.36743164
275, 191, -776.25982666, 12995.9091797, -385.022155762, 12997.7265625, 1552.54797363
276, 194, -934.770202637, 14616.6083984, -885.242004395, 14614.8251953, 1523.92541504
278, 198, -1590.70166016, 2857.61328125, -1556.49902344, 3060.703125, 1922.18652344
279, 193, -1587.91760254, 3593.00244141, -1500.5546875, 3594.66064453, 1518.13720703
281, 198, -1585.64343262, 3062.6472168, -1505.82116699, 3375.70092773, 1711.19702148
282, 198, -1588.38110352, 3593.7409668, -1500.43469238, 3592.94140625, 1723.65563965
283, 198, -1558.86804199, 3594.21704102, -1471.35314941, 3592.37988281, 1824.55712891
285, 198, -1601.29589844, 2960.82763672, -1539.703125, 3164.92602539, 2040.16149902
286, 198, -1545.7890625, 2960.12231445, -1533.5324707, 2857.66381836, 1782.77026367
288, 198, -1557.2512207, 3062.30078125, -1493.60632324, 3268.26855469, 1798.1998291
290, 208, -1500.39257813, 3595.06933594, -1470.54321289, 3592.92041016, 1518.13720703
291, 210, -1482.3795166, 3701.10791016, -1470.03527832, 3592.57495117, 1518.13720703
292, 208, -1529.1060791, 3594.71704102, -1470.84082031, 3594.21704102, 1502.34094238
293, 208, -1584.36328125, 3061.43212891, -1528.83276367, 3061.95922852, 1714.11730957
294, 208, -1574.10595703, 2959.52172852, -1545.27783203, 2960.09448242, 2037.49450684
295, 208, -1608.22570801, 3268.91552734, -1516.91650391, 3481.87573242, 2041.66552734
296, 208, -1588.00561523, 3592.27539063, -1488.0670166, 3484.26904297, 1756.79492188
297, 208, -1541.48754883, 3703.57373047, -1471.47802734, 3592.92700195, 1756.79492188
298, 208, -1593.29016113, 3376.42675781, -1517.66259766, 3483.94628906, 1464.72802734
299, 208, -1587.69897461, 3591.80859375, -1499.67041016, 3593.78833008, 1783.46704102
300, 208, -1512.54577637, 3706.96899414, -1481.89697266, 3703.25292969, 1756.2800293
301, 208, -1512.39819336, 3705.9387207, -1482.76647949, 3701.94165039, 1783.46704102
302, 208, -1588.00341797, 3593.46557617, -1499.64697266, 3590.77563477, 2016.14672852
305, 208, -1592.2442627, 3375.11572266, -1488.5411377, 3482.34375, 1537.69665527
307, 208, -1576.01855469, 3485.17041016, -1505.58837891, 3375.49047852, 1597.83703613
308, 208, -1704.72119141, 1677.26086426, -1527.03356934, 2106.37182617, 1780.98986816
309, 208, -1578.12304688, 2759.10961914, -1533.12670898, 2378.85327148, 1772.00671387
313, 208, -1568.17199707, 3164.80566406, -1465.78894043, 3269.83007813, 2073.48925781
314, 208, -1568.29162598, 3163.79589844, -1465.99060059, 3268.97265625, 1835.36450195
315, 208, -1572.40197754, 2957.70239258, -1533.35314941, 2858.70605469, 1821.21008301
316, 208, -1546.1541748, 3482.86865234, -1487.53796387, 3481.83544922, 1542.17102051
317, 208, -1546.65979004, 3483.72753906, -1488.75195313, 3483.85546875, 1798.09362793
318, 208, -1580.00427246, 3268.45727539, -1511.50341797, 3165.90234375, 1569.0390625
321, 208, -1581.02270508, 3269.29760742, -1539.98742676, 3164.29248047, 1518.59130859
323, 208, -1585.13623047, 3061.96777344, -1544.85412598, 2959.1315918, 1766.25854492
327, 208, -1596.84350586, 3164.41479492, -1544.65063477, 2958.05615234, 1751.56335449
328, 208, -1617.95080566, 1597.35583496, -1551.79675293, 1677.73791504, 1795
330, 208, -1584.37927246, 1932.5513916, -1526.94677734, 2106.58618164, 1741.84350586
333, 208, -1612.72045898, 3062.33764648, -1540.46716309, 3164.83862305, 1798.1998291
334, 208, -1588.88989258, 3595.36523438, -1528.84960938, 3591.9934082, 1739.36120605
335, 208, -1649.96875, 3374.96875, -1517.15917969, 3484.21386719, 1828.50280762
336, 208, -1633.14941406, 3483.50439453, -1534.84326172, 3377.17016602, 1784.09545898
337, 208, -1609.25305176, 3268.41967773, -1539.78210449, 3165.21142578, 1642.67321777
338, 208, -1584.82495117, 3062.59594727, -1511.39355469, 3163.0222168, 1825.1998291
339, 220, -1551.57189941, 3269.11401367, -1477.1373291, 3374.31738281, 1706.32312012
340, 220, -1523.49829102, 3270.47045898, -1511.72924805, 3167.26171875, 1736.10961914
341, 221, -1551.53930664, 3269.07958984, -1522.58300781, 3268.08984375, 1751.27966309
342, 221, -1568.33837891, 3163.19848633, -1511.64697266, 3164.31152344, 1792.98327637
343, 221, -1609.73242188, 3268.77514648, -1556.26281738, 3060.48095703, 1586.93237305
348, 221, -1574.2755127, 2958.78833008, -1544.54187012, 2959.30957031, 2091.8125
349, 221, -1561.08557129, 2858.82299805, -1516.60461426, 2958.11230469, 2039.70117188
350, 221, -1562.16796875, 2858.92163086, -1516.88623047, 2958.7487793, 2037.49450684
353, 221, -1540.13110352, 3164.96289063, -1465.62524414, 3268.51220703, 1571.39990234
354, 221, -1557.10546875, 3063.33837891, -1483.10546875, 3165.31933594, 1825.1998291
355, 221, -1560.84643555, 2858.92382813, -1461.0814209, 2960.32373047, 2025.8347168
356, 221, -1556.76489258, 3061.43115234, -1499.6673584, 3060.05249023, 1913.47814941
357, 221, -1551.44311523, 3268.14086914, -1465.62683105, 3269.22338867, 1742.20178223
358, 221, -1540.19116211, 3166.22998047, -1494.35949707, 3268.90185547, 1537.23632813
359, 221, -1500.21203613, 3591.88525391, -1471.38391113, 3593.49853516, 1778.38928223
360, 224, -1541.65087891, 3704.25292969, -1482.62402344, 3702.30322266, 2001.24645996
361, 224, -1587.75061035, 3592.27050781, -1511.73730469, 3700.89550781, 1784.09545898
362, 225, -1707.37719727, 1512.7043457, -1631.65356445, 1513.37402344, 1030.73742676
363, 224, -1600.8125, 2958.15063477, -1517.40307617, 3481.95703125, 1819.03930664
364, 224, -1704.84240723, 1677.19885254, -1603.0213623, 1680.66662598, 2014.04846191
365, 224, -1704.67602539, 1677.61572266, -1536.81030273, 1761.15783691, 2067.71313477
367, 224, -1618.02319336, 1597.18920898, -1501.36779785, 1678.05944824, 1795
368, 227, -1732.67004395, 1513.7557373, -1631.91162109, 1516.64196777, 980.033752441
369, 227, -1757.39135742, 1512.97937012, -1632.29187012, 1515.15454102, 1048.55273438
370, 227, -1732.88415527, 1515.78540039, -1642.52685547, 1594.78466797, 962.017028809
370, 224, -1511.71435547, 3701.82250977, -1471.65515137, 3594.16821289, 1586.83850098
371, 224, -1546.73925781, 3484.58056641, -1511.74841309, 3165.32299805, 1725.30651855
372, 224, -1529.00244141, 3591.28466797, -1488.203125, 3483.6484375, 1783.98986816
373, 224, -1604.77746582, 3484.21240234, -1534.85046387, 3376.07421875, 1784.09545898
374, 224, -1586.11254883, 3063.85522461, -1529.07067871, 3063.08789063, 1812.10522461
375, 224, -1584.45300293, 3061.23950195, -1528.60253906, 3060.81445313, 1553.76464844
376, 224, -1482.83898926, 3702.34326172, -1471.40856934, 3591.72167969, 1777.71337891
377, 224, -1558.7520752, 3592.6965332, -1505.59082031, 3375.92236328, 1797.56665039
378, 224, -1621.25219727, 3375.38183594, -1505.04223633, 3373.97973633, 1784.09545898
379, 224, -1568.26611328, 3167.5546875, -1494.29821777, 3270.33911133, 1770.57617188
380, 224, -1637.21020508, 3267.92626953, -1494.46203613, 3270.26464844, 2002.77502441
381, 224, -1585.8137207, 3060.94189453, -1556.3359375, 3059.33984375, 1913.47814941
382, 224, -1584.32409668, 3060.39135742, -1528.31555176, 3060.39135742, 1783.34240723
383, 224, -1580.24560547, 3268.37939453, -1522.46520996, 3269.08349609, 1841.36828613
384, 224, -1647.00817871, 3592.86206055, -1500.25036621, 3591.52441406, 1797.71838379
385, 224, -1609.00854492, 3270.68017578, -1522.71447754, 3269.66308594, 1798.73596191
386, 224, -1638.88452148, 3269.89599609, -1522.9630127, 3269.65600586, 1799.83105469
387, 224, -1613.06567383, 3060.18579102, -1528.47058105, 3061.24438477, 1771.72790527
388, 230, -1575.47229004, 3483.41992188, -1488.35119629, 3484.35449219, 1518.51513672
389, 224, -1585.09069824, 3061.73120117, -1493.75488281, 3267.87646484, 1827.95788574
390, 224, -1566.97399902, 2661.91796875, -1517.12219238, 2958.35058594, 2023.77697754
391, 224, -1600.9777832, 2957.27319336, -1545.00024414, 2960.47143555, 1901.21777344
392, 224, -1601.31799316, 2959.10620117, -1545.45471191, 2960.97558594, 1940.93261719
398, 224, -1580.71887207, 3270.18457031, -1523.04602051, 3269.49755859, 1753.14208984
399, 224, -1577.71118164, 2759.55712891, -1599.26635742, 1846.73693848, 2013.41064453
400, 224, -1580.20239258, 3270.46362305, -1506.05395508, 3376.04956055, 1906.58117676
401, 224, -1551.46118164, 3268.35009766, -1511.51623535, 3164.53100586, 1637.8939209
402, 224, -1569.02209473, 3166.06445313, -1528.65161133, 3063.09741211, 1766.54858398
403, 224, -1574.41699219, 2960.38647461, -1476.20166016, 3374.71313477, 1921.98986816
406, 224, -1568.96142578, 3165.84716797, -1487.64099121, 3481.54907227, 1542.6307373
407, 224, -1534.54003906, 3375.05175781, -1476.484375, 3375.06518555, 1515.20996094
409, 234, -1559.2980957, 3595.00268555, -1500.1036377, 3594.43505859, 1534.45800781
410, 234, -1571.00146484, 3703.5871582, -1511.00048828, 3702.26977539, 1545.63146973
413, 224, -1499.99719238, 3591.37890625, -1459.90551758, 3483.31713867, 1776.20495605
414, 224, -1534.65283203, 3374.8190918, -1476.73400879, 3375.72070313, 1584.56530762
415, 224, -1668.68969727, 1597.40380859, -1505.9744873, 1931.91027832, 2051.9621582
416, 224, -1668.37121582, 1597.10632324, -1511.10375977, 1761.29418945, 2078.51611328
417, 224, -1564.46728516, 2195.90844727, -1521.66894531, 2285.90429688, 2041.00219727
418, 224, -1794.75732422, 1597.40844727, -1544.37463379, 2472.13500977, 1770.57495117
419, 236, -1506.32189941, 3376.51367188, -1465.43444824, 3268.78271484, 1552.90466309
422, 224, -1575.41369629, 3483.37744141, -1488.37072754, 3482.40063477, 1774.54077148
423, 224, -1517.80664063, 3484.37817383, -1459.72827148, 3483.50537109, 1811.29199219
424, 224, -1592.84472656, 3376.74707031, -1505.9465332, 3374.68676758, 1827.95788574
425, 224, -1585.62731934, 3061.87304688, -1511.17431641, 3163.48413086, 2038.79406738
426, 224, -1562.20617676, 2858.84838867, -1545.0291748, 2957.23681641, 1925.68151855
427, 224, -1744.70776367, 1599.11877441, -1538.29833984, 2195.77490234, 1989.95703125
429, 224, -1589.06774902, 2858.45947266, -1528.6817627, 3062.671875, 1949.3416748
436, 224, -1592.79882813, 3375.39770508, -1522.75183105, 3269.4074707, 1825.74401855
437, 224, -1523.02819824, 3268.71044922, -1493.89208984, 3267.36621094, 1771.1998291
440, 224, -1574.1348877, 2960.61938477, -1561.86108398, 2858.32080078, 1787.81616211
441, 224, -1584.86584473, 3061.06469727, -1560.9822998, 2858.09472656, 1780.9473877
442, 224, -1612.59765625, 3060.60400391, -1556.5690918, 3062.8269043, 1825.1998291
443, 224, -1589.02453613, 2857.29345703, -1550.82531738, 2760.90283203, 1621.60437012
445, 224, -1590.65197754, 2858.80249023, -1577.22900391, 2758.24511719, 1990.59570313
446, 224, -1679.44213867, 1679.13574219, -1573.55078125, 1846.13378906, 2067.04980469
447, 224, -1769.02185059, 1595.03503418, -1618.0111084, 1598.24291992, 2090.00512695
448, 224, -1592.11816406, 3376.02514648, -1517.36181641, 3481.84912109, 1810.65405273
450, 224, -1596.14196777, 3164.46655273, -1539.56176758, 3163.80541992, 1825.40087891
452, 224, -1593.07019043, 3376.1965332, -1540.15625, 3165.76586914, 2027.29492188
